1,  1,  1,  1,  -1,  616, 251,  16.0,  53,  Nuc20,  65535,  0, 0, 0, , 0, 0, 0, 0, 0,
2,  1,  2,  2,  -1,  164, 189,  17.0,  77,  Nuc83,  65535,  0, 0, 0, , 0, 0, 0, 0, 0,
3,  1,  3,  3,  -1,  648, 193,  15.0,  91,  Nuc115,  59114,  0, 0, 0, , 0, 0, 0, 0, 0,
4,  1,  4,  4,  -1,  314, 331,  14.0,  81,  Nuc206,  65535,  0, 0, 0, , 0, 0, 0, 0, 0,
5,  1,  5,  5,  -1,  94, 310,  14.0,  45,  Nuc269,  65535,  0, 0, 0, , 0, 0, 0, 0, 0,
6,  1,  6,  6,  -1,  256, 104,  14.0,  129,  Nuc295,  65535,  0, 0, 0, , 0, 0, 0, 0, 0,
7,  1,  7,  7,  -1,  280, 278,  25.0,  77,  Nuc356,  65535,  0, 0, 0, , 0, 0, 0, 0, 0,
8,  1,  8,  8,  -1,  374, 266,  15.0,  45,  Nuc445,  65535,  0, 0, 0, , 0, 0, 0, 0, 0,
9,  1,  9,  9,  -1,  384, 263,  19.0,  73,  Nuc476,  65535,  0, 0, 0, , 0, 0, 0, 0, 0,
10,  1,  10,  10,  -1,  372, 100,  19.0,  67,  Nuc527,  65535,  0, 0, 0, , 0, 0, 0, 0, 0,
11,  1,  11,  11,  -1,  564, 418,  15.0,  79,  Nuc586,  65535,  0, 0, 0, , 0, 0, 0, 0, 0,
12,  1,  12,  12,  -1,  494, 231,  24.0,  75,  Nuc635,  65535,  0, 0, 0, , 0, 0, 0, 0, 0,
13,  1,  13,  13,  -1,  543, 202,  15.0,  65,  Nuc680,  65535,  0, 0, 0, , 0, 0, 0, 0, 0,
14,  1,  -1,  14,  -1,  470, 366,  14.0,  117,  Nuc738,  65535,  0, 0, 0, , 0, 0, 0, 0, 0,
