1,  1,  1,  1,  -1,  657, 275,  15.0,  59,  Nuc27,  65535,  0, 0, 0, , 0, 0, 0, 0, 0,
2,  1,  2,  2,  -1,  147, 235,  13.0,  75,  Nuc90,  65535,  0, 0, 0, , 0, 0, 0, 0, 0,
3,  1,  3,  3,  -1,  547, 167,  14.0,  73,  Nuc122,  65535,  0, 0, 0, , 0, 0, 0, 0, 0,
4,  1,  4,  4,  -1,  345, 203,  13.0,  47,  Nuc213,  65535,  0, 0, 0, , 0, 0, 0, 0, 0,
5,  1,  6,  5,  -1,  249, 81,  14.0,  107,  Nuc302,  65535,  0, 0, 0, , 0, 0, 0, 0, 0,
6,  1,  7,  6,  -1,  323, 248,  24.0,  47,  Nuc363,  65535,  0, 0, 0, , 0, 0, 0, 0, 0,
7,  1,  8,  7,  -1,  383, 288,  12.0,  115,  Nuc452,  65535,  0, 0, 0, , 0, 0, 0, 0, 0,
8,  1,  9,  8,  -1,  329, 343,  22.0,  49,  Nuc483,  65535,  0, 0, 0, , 0, 0, 0, 0, 0,
9,  1,  10,  9,  -1,  394, 116,  18.0,  75,  Nuc534,  65535,  0, 0, 0, , 0, 0, 0, 0, 0,
10,  1,  11,  10,  -1,  506, 361,  15.0,  67,  Nuc593,  65535,  0, 0, 0, , 0, 0, 0, 0, 0,
11,  1,  12,  11,  -1,  475, 297,  25.0,  49,  Nuc642,  65535,  0, 0, 0, , 0, 0, 0, 0, 0,
12,  1,  13,  12,  -1,  521, 243,  21.0,  53,  Nuc687,  65535,  0, 0, 0, , 0, 0, 0, 0, 0,
13,  1,  14,  13,  -1,  263, 384,  14.0,  67,  Nuc745,  65535,  0, 0, 0, , 0, 0, 0, 0, 0,
14,  1,  15,  14,  -1,  189, 359,  15.0,  105,  Nuc752,  65535,  0, 0, 0, , 0, 0, 0, 0, 0,
15,  1,  16,  15,  -1,  222, 124,  16.0,  121,  Nuc809,  65535,  0, 0, 0, , 0, 0, 0, 0, 0,
16,  1,  17,  16,  -1,  94, 312,  14.0,  47,  Nuc865,  65535,  0, 0, 0, , 0, 0, 0, 0, 0,
17,  1,  18,  17,  -1,  291, 278,  13.0,  53,  Nuc904,  65535,  0, 0, 0, , 0, 0, 0, 0, 0,
18,  1,  19,  18,  -1,  144, 191,  19.0,  111,  Nuc929,  65535,  0, 0, 0, , 0, 0, 0, 0, 0,
