1,  1,  1,  1,  -1,  647, 277,  15.0,  59,  Nuc31,  65535,  0, 0, 0, , 0, 0, 0, 0, 0,
2,  1,  2,  2,  -1,  167, 223,  11.0,  109,  Nuc94,  65535,  0, 0, 0, , 0, 0, 0, 0, 0,
3,  1,  3,  3,  -1,  551, 183,  15.0,  75,  Nuc126,  65535,  0, 0, 0, , 0, 0, 0, 0, 0,
4,  1,  4,  4,  -1,  371, 209,  12.0,  39,  Nuc217,  65535,  0, 0, 0, , 0, 0, 0, 0, 0,
5,  1,  5,  5,  -1,  304, 62,  14.0,  59,  Nuc306,  65535,  0, 0, 0, , 0, 0, 0, 0, 0,
6,  1,  6,  6,  -1,  314, 247,  25.0,  55,  Nuc367,  65535,  0, 0, 0, , 0, 0, 0, 0, 0,
7,  1,  7,  -1,  -1,  314, 341,  11.0,  67,  Nuc456,  65535,  0, 0, 0, , 0, 0, 0, 0, 0,
8,  1,  8,  7,  -1,  292, 344,  20.0,  57,  Nuc487,  65535,  0, 0, 0, , 0, 0, 0, 0, 0,
9,  1,  9,  8,  -1,  412, 133,  19.0,  73,  Nuc538,  65535,  0, 0, 0, , 0, 0, 0, 0, 0,
10,  1,  10,  9,  -1,  479, 359,  13.0,  71,  Nuc597,  65535,  0, 0, 0, , 0, 0, 0, 0, 0,
11,  1,  11,  10,  -1,  464, 355,  25.0,  59,  Nuc646,  65535,  0, 0, 0, , 0, 0, 0, 0, 0,
12,  1,  12,  11,  -1,  541, 256,  22.0,  57,  Nuc691,  65535,  0, 0, 0, , 0, 0, 0, 0, 0,
13,  1,  13,  12,  -1,  172, 324,  16.0,  57,  Nuc756,  65535,  0, 0, 0, , 0, 0, 0, 0, 0,
14,  1,  14,  13,  -1,  277, 130,  16.0,  59,  Nuc813,  65535,  0, 0, 0, , 0, 0, 0, 0, 0,
15,  1,  15,  14,  -1,  93, 313,  13.0,  39,  Nuc869,  65535,  0, 0, 0, , 0, 0, 0, 0, 0,
16,  1,  16,  15,  -1,  304, 260,  13.0,  59,  Nuc908,  65535,  0, 0, 0, , 0, 0, 0, 0, 0,
17,  1,  17,  16,  -1,  140, 175,  19.0,  57,  Nuc933,  65535,  0, 0, 0, , 0, 0, 0, 0, 0,
18,  1,  18,  -1,  -1,  396, 290,  11.0,  89,  Nuc985,  65535,  0, 0, 0, , 0, 0, 0, 0, 0,
19,  1,  19,  -1,  -1,  234, 364,  11.0,  83,  Nuc988,  65535,  0, 0, 0, , 0, 0, 0, 0, 0,
