1,  1,  1,  1,  -1,  629, 321,  15.0,  61,  Nuc34,  65535,  0, 0, 0, , 0, 0, 0, 0, 0,
2,  1,  2,  2,  -1,  533, 215,  15.0,  55,  Nuc129,  65535,  0, 0, 0, , 0, 0, 0, 0, 0,
3,  1,  3,  3,  -1,  378, 214,  11.0,  41,  Nuc220,  65535,  0, 0, 0, , 0, 0, 0, 0, 0,
4,  1,  4,  4,  -1,  366, 141,  18.0,  41,  Nuc309,  65535,  0, 0, 0, , 0, 0, 0, 0, 0,
5,  1,  5,  5,  -1,  283, 224,  25.0,  63,  Nuc370,  65535,  0, 0, 0, , 0, 0, 0, 0, 0,
6,  1,  6,  6,  -1,  265, 372,  20.0,  65,  Nuc490,  65535,  0, 0, 0, , 0, 0, 0, 0, 0,
7,  1,  7,  7,  -1,  417, 173,  20.0,  41,  Nuc541,  65535,  0, 0, 0, , 0, 0, 0, 0, 0,
8,  1,  8,  8,  -1,  462, 356,  14.0,  73,  Nuc600,  65535,  0, 0, 0, , 0, 0, 0, 0, 0,
9,  1,  9,  9,  -1,  406, 367,  24.0,  63,  Nuc649,  65535,  0, 0, 0, , 0, 0, 0, 0, 0,
10,  1,  10,  10,  -1,  546, 298,  24.0,  61,  Nuc694,  65535,  0, 0, 0, , 0, 0, 0, 0, 0,
11,  1,  11,  11,  -1,  155, 319,  16.0,  61,  Nuc759,  65535,  0, 0, 0, , 0, 0, 0, 0, 0,
12,  1,  12,  12,  -1,  256, 135,  15.0,  63,  Nuc816,  65535,  0, 0, 0, , 0, 0, 0, 0, 0,
13,  1,  13,  13,  -1,  93, 314,  13.0,  39,  Nuc872,  65535,  0, 0, 0, , 0, 0, 0, 0, 0,
14,  1,  14,  14,  -1,  325, 253,  13.0,  63,  Nuc911,  65535,  0, 0, 0, , 0, 0, 0, 0, 0,
15,  1,  15,  15,  -1,  132, 180,  17.0,  63,  Nuc936,  65535,  0, 0, 0, , 0, 0, 0, 0, 0,
