1,  1,  1,  1,  -1,  637, 329,  15.0,  59,  Nuc44,  65535,  0, 0, 0, , 0, 0, 0, 0, 0,
2,  1,  2,  2,  -1,  596, 254,  14.0,  57,  Nuc139,  65535,  0, 0, 0, , 0, 0, 0, 0, 0,
3,  1,  3,  3,  -1,  496, 141,  14.0,  59,  Nuc167,  65535,  0, 0, 0, , 0, 0, 0, 0, 0,
4,  1,  4,  4,  -1,  348, 179,  11.0,  45,  Nuc230,  65535,  0, 0, 0, , 0, 0, 0, 0, 0,
5,  1,  5,  5,  -1,  318, 106,  17.0,  63,  Nuc319,  65535,  0, 0, 0, , 0, 0, 0, 0, 0,
6,  1,  6,  6,  -1,  284, 221,  24.0,  61,  Nuc380,  65535,  0, 0, 0, , 0, 0, 0, 0, 0,
7,  1,  7,  7,  -1,  312, 385,  21.0,  71,  Nuc500,  65535,  0, 0, 0, , 0, 0, 0, 0, 0,
8,  1,  8,  8,  -1,  444, 172,  21.0,  61,  Nuc551,  65535,  0, 0, 0, , 0, 0, 0, 0, 0,
9,  1,  9,  9,  -1,  414, 323,  13.0,  53,  Nuc610,  65535,  0, 0, 0, , 0, 0, 0, 0, 0,
10,  1,  10,  10,  -1,  437, 338,  23.0,  57,  Nuc659,  65535,  0, 0, 0, , 0, 0, 0, 0, 0,
11,  1,  11,  11,  -1,  553, 254,  23.0,  59,  Nuc704,  65535,  0, 0, 0, , 0, 0, 0, 0, 0,
12,  1,  12,  12,  -1,  203, 357,  14.0,  47,  Nuc769,  65535,  0, 0, 0, , 0, 0, 0, 0, 0,
13,  1,  13,  13,  -1,  195, 127,  16.0,  71,  Nuc826,  65535,  0, 0, 0, , 0, 0, 0, 0, 0,
14,  1,  14,  14,  -1,  93, 316,  13.0,  39,  Nuc882,  65535,  0, 0, 0, , 0, 0, 0, 0, 0,
15,  1,  15,  15,  -1,  326, 223,  12.0,  71,  Nuc921,  65535,  0, 0, 0, , 0, 0, 0, 0, 0,
16,  1,  16,  16,  -1,  142, 235,  17.0,  65,  Nuc946,  65535,  0, 0, 0, , 0, 0, 0, 0, 0,
17,  1,  17,  17,  -1,  378, 387,  11.0,  65,  Nuc999,  25736,  0, 0, 0, , 0, 0, 0, 0, 0,
18,  1,  18,  18,  -1,  533, 348,  14.0,  51,  Nuc1023,  65535,  0, 0, 0, , 0, 0, 0, 0, 0,
19,  1,  19,  -1,  -1,  325, 326,  11.0,  71,  Nuc1046,  65535,  0, 0, 0, , 0, 0, 0, 0, 0,
20,  1,  20,  19,  -1,  497, 408,  12.0,  65,  Nuc1048,  47289,  0, 0, 0, , 0, 0, 0, 0, 0,
