1,  1,  1,  1,  -1,  640, 225,  14.0,  41,  Nuc52,  65535,  0, 0, 0, , 0, 0, 0, 0, 0,
2,  1,  2,  2,  -1,  552, 218,  14.0,  63,  Nuc147,  65535,  0, 0, 0, , 0, 0, 0, 0, 0,
3,  1,  3,  3,  -1,  462, 161,  14.0,  65,  Nuc175,  65535,  0, 0, 0, , 0, 0, 0, 0, 0,
4,  1,  4,  4,  -1,  309, 295,  11.0,  37,  Nuc238,  65535,  0, 0, 0, , 0, 0, 0, 0, 0,
5,  1,  5,  5,  -1,  294, 115,  14.0,  67,  Nuc327,  65535,  0, 0, 0, , 0, 0, 0, 0, 0,
6,  1,  6,  6,  -1,  316, 262,  23.0,  51,  Nuc388,  65535,  0, 0, 0, , 0, 0, 0, 0, 0,
7,  1,  7,  7,  -1,  225, 206,  24.0,  51,  Nuc406,  65535,  0, 0, 0, , 0, 0, 0, 0, 0,
8,  1,  8,  8,  -1,  409, 396,  19.0,  55,  Nuc508,  65535,  0, 0, 0, , 0, 0, 0, 0, 0,
9,  1,  9,  9,  -1,  405, 145,  21.0,  69,  Nuc559,  65535,  0, 0, 0, , 0, 0, 0, 0, 0,
10,  1,  10,  10,  -1,  458, 340,  13.0,  57,  Nuc618,  65535,  0, 0, 0, , 0, 0, 0, 0, 0,
11,  1,  11,  11,  -1,  520, 338,  22.0,  49,  Nuc667,  65535,  0, 0, 0, , 0, 0, 0, 0, 0,
12,  1,  12,  12,  -1,  500, 212,  24.0,  53,  Nuc712,  65535,  0, 0, 0, , 0, 0, 0, 0, 0,
13,  1,  13,  13,  -1,  597, 276,  20.0,  51,  Nuc729,  65535,  0, 0, 0, , 0, 0, 0, 0, 0,
14,  1,  14,  14,  -1,  276, 365,  23.0,  51,  Nuc777,  65535,  0, 0, 0, , 0, 0, 0, 0, 0,
15,  1,  15,  15,  -1,  206, 380,  14.0,  55,  Nuc795,  65535,  0, 0, 0, , 0, 0, 0, 0, 0,
16,  1,  16,  16,  -1,  168, 108,  16.0,  53,  Nuc834,  65535,  0, 0, 0, , 0, 0, 0, 0, 0,
17,  1,  17,  17,  -1,  216, 220,  13.0,  49,  Nuc851,  65535,  0, 0, 0, , 0, 0, 0, 0, 0,
18,  1,  18,  18,  -1,  92, 316,  13.0,  35,  Nuc890,  65535,  0, 0, 0, , 0, 0, 0, 0, 0,
19,  1,  19,  19,  -1,  94, 218,  17.0,  51,  Nuc954,  65535,  0, 0, 0, , 0, 0, 0, 0, 0,
20,  1,  20,  20,  -1,  171, 307,  16.0,  49,  Nuc971,  65535,  0, 0, 0, , 0, 0, 0, 0, 0,
21,  1,  21,  21,  -1,  398, 297,  25.0,  53,  Nuc1007,  65535,  0, 0, 0, , 0, 0, 0, 0, 0,
22,  1,  22,  22,  -1,  558, 371,  14.0,  59,  Nuc1031,  65535,  0, 0, 0, , 0, 0, 0, 0, 0,
23,  1,  23,  23,  -1,  334, 367,  13.0,  53,  Nuc1064,  65535,  0, 0, 0, , 0, 0, 0, 0, 0,
24,  1,  24,  24,  -1,  382, 278,  12.0,  53,  Nuc1081,  65535,  0, 0, 0, , 0, 0, 0, 0, 0,
25,  1,  25,  25,  -1,  293, 258,  12.0,  49,  Nuc1096,  65535,  0, 0, 0, , 0, 0, 0, 0, 0,
26,  1,  26,  26,  -1,  651, 311,  15.0,  45,  Nuc1111,  65535,  0, 0, 0, , 0, 0, 0, 0, 0,
