1,  1,  1,  1,  -1,  633, 202,  14.0,  45,  Nuc55,  65535,  0, 0, 0, , 0, 0, 0, 0, 0,
2,  1,  2,  2,  -1,  557, 233,  15.0,  63,  Nuc150,  65535,  0, 0, 0, , 0, 0, 0, 0, 0,
3,  1,  3,  3,  -1,  451, 188,  13.0,  65,  Nuc178,  65535,  0, 0, 0, , 0, 0, 0, 0, 0,
4,  1,  4,  4,  -1,  304, 294,  11.0,  35,  Nuc241,  65535,  0, 0, 0, , 0, 0, 0, 0, 0,
5,  1,  5,  5,  -1,  282, 124,  14.0,  69,  Nuc330,  65535,  0, 0, 0, , 0, 0, 0, 0, 0,
6,  1,  6,  6,  -1,  318, 271,  24.0,  53,  Nuc391,  65535,  0, 0, 0, , 0, 0, 0, 0, 0,
7,  1,  7,  7,  -1,  214, 216,  23.0,  53,  Nuc409,  65535,  0, 0, 0, , 0, 0, 0, 0, 0,
8,  1,  8,  8,  -1,  421, 413,  19.0,  57,  Nuc511,  65535,  0, 0, 0, , 0, 0, 0, 0, 0,
9,  1,  9,  9,  -1,  388, 151,  21.0,  59,  Nuc562,  65535,  0, 0, 0, , 0, 0, 0, 0, 0,
10,  1,  10,  10,  -1,  457, 344,  13.0,  57,  Nuc621,  65535,  0, 0, 0, , 0, 0, 0, 0, 0,
11,  1,  11,  11,  -1,  513, 341,  23.0,  53,  Nuc670,  65535,  0, 0, 0, , 0, 0, 0, 0, 0,
12,  1,  12,  12,  -1,  493, 205,  24.0,  51,  Nuc715,  65535,  0, 0, 0, , 0, 0, 0, 0, 0,
13,  1,  13,  13,  -1,  612, 293,  21.0,  51,  Nuc732,  65535,  0, 0, 0, , 0, 0, 0, 0, 0,
14,  1,  14,  14,  -1,  273, 360,  23.0,  55,  Nuc780,  65535,  0, 0, 0, , 0, 0, 0, 0, 0,
15,  1,  15,  15,  -1,  196, 373,  14.0,  57,  Nuc798,  65535,  0, 0, 0, , 0, 0, 0, 0, 0,
16,  1,  16,  16,  -1,  159, 117,  15.0,  53,  Nuc837,  65535,  0, 0, 0, , 0, 0, 0, 0, 0,
17,  1,  17,  17,  -1,  211, 231,  12.0,  51,  Nuc854,  65535,  0, 0, 0, , 0, 0, 0, 0, 0,
18,  1,  18,  18,  -1,  92, 317,  13.0,  35,  Nuc893,  65535,  0, 0, 0, , 0, 0, 0, 0, 0,
19,  1,  19,  19,  -1,  103, 201,  18.0,  51,  Nuc957,  65535,  0, 0, 0, , 0, 0, 0, 0, 0,
20,  1,  20,  20,  -1,  161, 307,  17.0,  51,  Nuc974,  65535,  0, 0, 0, , 0, 0, 0, 0, 0,
21,  1,  21,  21,  -1,  402, 303,  25.0,  53,  Nuc1010,  65535,  0, 0, 0, , 0, 0, 0, 0, 0,
22,  1,  22,  22,  -1,  570, 377,  15.0,  61,  Nuc1034,  65535,  0, 0, 0, , 0, 0, 0, 0, 0,
23,  1,  23,  23,  -1,  330, 383,  12.0,  55,  Nuc1067,  65535,  0, 0, 0, , 0, 0, 0, 0, 0,
24,  1,  24,  24,  -1,  377, 284,  12.0,  53,  Nuc1084,  65535,  0, 0, 0, , 0, 0, 0, 0, 0,
25,  1,  25,  25,  -1,  274, 271,  12.0,  53,  Nuc1099,  65535,  0, 0, 0, , 0, 0, 0, 0, 0,
26,  1,  26,  26,  -1,  652, 310,  15.0,  53,  Nuc1114,  65535,  0, 0, 0, , 0, 0, 0, 0, 0,
