1,  1,  1,  1,  -1,  609, 180,  14.0,  47,  Nuc60,  65535,  0, 0, 0, , 0, 0, 0, 0, 0,
2,  1,  2,  2,  -1,  544, 241,  14.0,  61,  Nuc155,  65535,  0, 0, 0, , 0, 0, 0, 0, 0,
3,  1,  3,  3,  -1,  428, 220,  13.0,  65,  Nuc183,  65535,  0, 0, 0, , 0, 0, 0, 0, 0,
4,  1,  4,  4,  -1,  287, 313,  11.0,  35,  Nuc246,  65535,  0, 0, 0, , 0, 0, 0, 0, 0,
5,  1,  5,  5,  -1,  297, 192,  13.0,  45,  Nuc335,  65535,  0, 0, 0, , 0, 0, 0, 0, 0,
6,  1,  6,  6,  -1,  325, 245,  24.0,  57,  Nuc396,  65535,  0, 0, 0, , 0, 0, 0, 0, 0,
7,  1,  7,  7,  -1,  241, 192,  23.0,  57,  Nuc414,  65535,  0, 0, 0, , 0, 0, 0, 0, 0,
8,  1,  8,  8,  -1,  413, 423,  19.0,  59,  Nuc516,  65535,  0, 0, 0, , 0, 0, 0, 0, 0,
9,  1,  9,  9,  -1,  432, 182,  21.0,  41,  Nuc567,  65535,  0, 0, 0, , 0, 0, 0, 0, 0,
10,  1,  10,  10,  -1,  369, 123,  19.0,  45,  Nuc573,  65535,  0, 0, 0, , 0, 0, 0, 0, 0,
11,  1,  11,  11,  -1,  451, 355,  13.0,  59,  Nuc626,  65535,  0, 0, 0, , 0, 0, 0, 0, 0,
12,  1,  12,  12,  -1,  522, 366,  23.0,  55,  Nuc675,  65535,  0, 0, 0, , 0, 0, 0, 0, 0,
13,  1,  13,  13,  -1,  515, 232,  24.0,  51,  Nuc720,  65535,  0, 0, 0, , 0, 0, 0, 0, 0,
14,  1,  14,  -1,  -1,  613, 284,  21.0,  53,  Nuc737,  65535,  0, 0, 0, , 0, 0, 0, 0, 0,
15,  1,  15,  14,  -1,  271, 353,  22.0,  55,  Nuc785,  65535,  0, 0, 0, , 0, 0, 0, 0, 0,
16,  1,  16,  15,  -1,  184, 375,  15.0,  55,  Nuc803,  65535,  0, 0, 0, , 0, 0, 0, 0, 0,
17,  1,  17,  16,  -1,  156, 118,  15.0,  55,  Nuc842,  65535,  0, 0, 0, , 0, 0, 0, 0, 0,
18,  1,  18,  17,  -1,  175, 237,  12.0,  53,  Nuc859,  65535,  0, 0, 0, , 0, 0, 0, 0, 0,
19,  1,  19,  18,  -1,  92, 318,  12.0,  35,  Nuc898,  65535,  0, 0, 0, , 0, 0, 0, 0, 0,
20,  1,  20,  19,  -1,  102, 197,  18.0,  55,  Nuc962,  65535,  0, 0, 0, , 0, 0, 0, 0, 0,
21,  1,  21,  20,  -1,  153, 294,  19.0,  53,  Nuc979,  65535,  0, 0, 0, , 0, 0, 0, 0, 0,
22,  1,  22,  21,  -1,  398, 314,  24.0,  57,  Nuc1015,  65535,  0, 0, 0, , 0, 0, 0, 0, 0,
23,  1,  23,  22,  -1,  591, 373,  15.0,  63,  Nuc1039,  65535,  0, 0, 0, , 0, 0, 0, 0, 0,
24,  1,  24,  23,  -1,  309, 396,  13.0,  57,  Nuc1072,  65535,  0, 0, 0, , 0, 0, 0, 0, 0,
25,  1,  25,  24,  -1,  360, 313,  11.0,  53,  Nuc1089,  65535,  0, 0, 0, , 0, 0, 0, 0, 0,
26,  1,  26,  25,  -1,  252, 289,  12.0,  53,  Nuc1104,  65535,  0, 0, 0, , 0, 0, 0, 0, 0,
27,  1,  27,  26,  -1,  649, 286,  13.0,  51,  Nuc1119,  65535,  0, 0, 0, , 0, 0, 0, 0, 0,
28,  1,  28,  27,  -1,  284, 103,  14.0,  43,  Nuc1125,  65535,  0, 0, 0, , 0, 0, 0, 0, 0,
