1,  1,  1,  1,  -1,  600, 175,  14.0,  47,  Nuc61,  65535,  0, 0, 0, , 0, 0, 0, 0, 0,
2,  1,  2,  2,  -1,  542, 241,  15.0,  63,  Nuc156,  65535,  0, 0, 0, , 0, 0, 0, 0, 0,
3,  1,  3,  3,  -1,  429, 214,  13.0,  67,  Nuc184,  65535,  0, 0, 0, , 0, 0, 0, 0, 0,
4,  1,  4,  4,  -1,  288, 318,  11.0,  37,  Nuc247,  65535,  0, 0, 0, , 0, 0, 0, 0, 0,
5,  1,  5,  5,  -1,  287, 194,  13.0,  51,  Nuc336,  65535,  0, 0, 0, , 0, 0, 0, 0, 0,
6,  1,  6,  6,  -1,  327, 242,  24.0,  57,  Nuc397,  65535,  0, 0, 0, , 0, 0, 0, 0, 0,
7,  1,  7,  7,  -1,  244, 188,  23.0,  55,  Nuc415,  65535,  0, 0, 0, , 0, 0, 0, 0, 0,
8,  1,  8,  8,  -1,  410, 424,  19.0,  57,  Nuc517,  65535,  0, 0, 0, , 0, 0, 0, 0, 0,
9,  1,  9,  9,  -1,  438, 179,  22.0,  43,  Nuc568,  65535,  0, 0, 0, , 0, 0, 0, 0, 0,
10,  1,  10,  10,  -1,  369, 117,  19.0,  49,  Nuc574,  65535,  0, 0, 0, , 0, 0, 0, 0, 0,
11,  1,  11,  11,  -1,  448, 348,  13.0,  59,  Nuc627,  65535,  0, 0, 0, , 0, 0, 0, 0, 0,
12,  1,  12,  12,  -1,  521, 374,  23.0,  55,  Nuc676,  65535,  0, 0, 0, , 0, 0, 0, 0, 0,
13,  1,  13,  13,  -1,  514, 239,  24.0,  51,  Nuc721,  65535,  0, 0, 0, , 0, 0, 0, 0, 0,
14,  1,  15,  14,  -1,  276, 344,  22.0,  55,  Nuc786,  65535,  0, 0, 0, , 0, 0, 0, 0, 0,
15,  1,  16,  15,  -1,  188, 374,  15.0,  55,  Nuc804,  65535,  0, 0, 0, , 0, 0, 0, 0, 0,
16,  1,  17,  16,  -1,  156, 124,  15.0,  57,  Nuc843,  65535,  0, 0, 0, , 0, 0, 0, 0, 0,
17,  1,  18,  17,  -1,  178, 240,  12.0,  53,  Nuc860,  65535,  0, 0, 0, , 0, 0, 0, 0, 0,
18,  1,  19,  18,  -1,  92, 318,  12.0,  35,  Nuc899,  65535,  0, 0, 0, , 0, 0, 0, 0, 0,
19,  1,  20,  19,  -1,  102, 205,  18.0,  55,  Nuc963,  65535,  0, 0, 0, , 0, 0, 0, 0, 0,
20,  1,  21,  20,  -1,  154, 299,  19.0,  53,  Nuc980,  65535,  0, 0, 0, , 0, 0, 0, 0, 0,
21,  1,  22,  21,  -1,  401, 318,  25.0,  59,  Nuc1016,  65535,  0, 0, 0, , 0, 0, 0, 0, 0,
22,  1,  23,  22,  -1,  580, 369,  15.0,  61,  Nuc1040,  65535,  0, 0, 0, , 0, 0, 0, 0, 0,
23,  1,  24,  23,  -1,  310, 398,  13.0,  57,  Nuc1073,  65535,  0, 0, 0, , 0, 0, 0, 0, 0,
24,  1,  25,  24,  -1,  359, 309,  11.0,  53,  Nuc1090,  65535,  0, 0, 0, , 0, 0, 0, 0, 0,
25,  1,  26,  25,  -1,  260, 286,  12.0,  51,  Nuc1105,  65535,  0, 0, 0, , 0, 0, 0, 0, 0,
26,  1,  27,  26,  -1,  636, 281,  18.0,  53,  Nuc1120,  65535,  0, 0, 0, , 0, 0, 0, 0, 0,
27,  1,  28,  27,  -1,  281, 96,  14.0,  47,  Nuc1126,  65535,  0, 0, 0, , 0, 0, 0, 0, 0,
