1,  1,  1,  1,  -1,  593, 169,  14.0,  49,  Nuc62,  65535,  0, 0, 0, , 0, 0, 0, 0, 0,
2,  1,  2,  2,  -1,  534, 234,  14.0,  63,  Nuc157,  65535,  0, 0, 0, , 0, 0, 0, 0, 0,
3,  1,  3,  3,  -1,  422, 217,  14.0,  69,  Nuc185,  65535,  0, 0, 0, , 0, 0, 0, 0, 0,
4,  1,  4,  4,  -1,  290, 324,  11.0,  37,  Nuc248,  65535,  0, 0, 0, , 0, 0, 0, 0, 0,
5,  1,  5,  5,  -1,  286, 203,  13.0,  53,  Nuc337,  65535,  0, 0, 0, , 0, 0, 0, 0, 0,
6,  1,  6,  6,  -1,  328, 232,  24.0,  59,  Nuc398,  65535,  0, 0, 0, , 0, 0, 0, 0, 0,
7,  1,  7,  7,  -1,  241, 193,  23.0,  59,  Nuc416,  65535,  0, 0, 0, , 0, 0, 0, 0, 0,
8,  1,  8,  8,  -1,  416, 420,  20.0,  61,  Nuc518,  65535,  0, 0, 0, , 0, 0, 0, 0, 0,
9,  1,  9,  9,  -1,  449, 171,  22.0,  51,  Nuc569,  65535,  0, 0, 0, , 0, 0, 0, 0, 0,
10,  1,  10,  10,  -1,  356, 113,  18.0,  53,  Nuc575,  65535,  0, 0, 0, , 0, 0, 0, 0, 0,
11,  1,  11,  11,  -1,  446, 350,  13.0,  61,  Nuc628,  65535,  0, 0, 0, , 0, 0, 0, 0, 0,
12,  1,  12,  12,  -1,  519, 377,  23.0,  57,  Nuc677,  65535,  0, 0, 0, , 0, 0, 0, 0, 0,
13,  1,  13,  13,  -1,  517, 234,  24.0,  55,  Nuc722,  65535,  0, 0, 0, , 0, 0, 0, 0, 0,
14,  1,  14,  14,  -1,  271, 343,  23.0,  59,  Nuc787,  65535,  0, 0, 0, , 0, 0, 0, 0, 0,
15,  1,  15,  15,  -1,  194, 379,  14.0,  55,  Nuc805,  65535,  0, 0, 0, , 0, 0, 0, 0, 0,
16,  1,  16,  16,  -1,  151, 129,  15.0,  59,  Nuc844,  65535,  0, 0, 0, , 0, 0, 0, 0, 0,
17,  1,  17,  17,  -1,  176, 250,  12.0,  53,  Nuc861,  65535,  0, 0, 0, , 0, 0, 0, 0, 0,
18,  1,  18,  18,  -1,  92, 318,  12.0,  37,  Nuc900,  65535,  0, 0, 0, , 0, 0, 0, 0, 0,
19,  1,  19,  19,  -1,  100, 211,  18.0,  55,  Nuc964,  65535,  0, 0, 0, , 0, 0, 0, 0, 0,
20,  1,  20,  20,  -1,  158, 300,  19.0,  57,  Nuc981,  65535,  0, 0, 0, , 0, 0, 0, 0, 0,
21,  1,  21,  21,  -1,  404, 312,  24.0,  55,  Nuc1017,  65535,  0, 0, 0, , 0, 0, 0, 0, 0,
22,  1,  22,  22,  -1,  578, 365,  14.0,  65,  Nuc1041,  65535,  0, 0, 0, , 0, 0, 0, 0, 0,
23,  1,  23,  23,  -1,  312, 405,  14.0,  57,  Nuc1074,  65535,  0, 0, 0, , 0, 0, 0, 0, 0,
24,  1,  24,  24,  -1,  355, 306,  11.0,  53,  Nuc1091,  65535,  0, 0, 0, , 0, 0, 0, 0, 0,
25,  1,  25,  25,  -1,  263, 291,  12.0,  55,  Nuc1106,  65535,  0, 0, 0, , 0, 0, 0, 0, 0,
26,  1,  26,  26,  -1,  634, 275,  18.0,  55,  Nuc1121,  65535,  0, 0, 0, , 0, 0, 0, 0, 0,
27,  1,  27,  27,  -1,  266, 85,  13.0,  51,  Nuc1127,  65535,  0, 0, 0, , 0, 0, 0, 0, 0,
