1,  1,  1,  1,  -1,  590, 316,  18.0,  79,  Nuc7,  65535,  0, 0, 0, , 0, 0, 0, 0, 0,
2,  1,  2,  2,  -1,  210, 210,  20.0,  73,  Nuc70,  65535,  0, 0, 0, , 0, 0, 0, 0, 0,
3,  1,  3,  3,  -1,  458, 119,  19.0,  87,  Nuc102,  65535,  0, 0, 0, , 0, 0, 0, 0, 0,
4,  1,  4,  4,  -1,  408, 328,  18.0,  69,  Nuc193,  65535,  0, 0, 0, , 0, 0, 0, 0, 0,
5,  1,  5,  5,  -1,  96, 302,  16.0,  63,  Nuc256,  65535,  0, 0, 0, , 0, 0, 0, 0, 0,
6,  1,  6,  6,  -1,  410, 275,  17.0,  73,  Nuc282,  65535,  0, 0, 0, , 0, 0, 0, 0, 0,
7,  1,  7,  7,  -1,  234, 244,  19.0,  69,  Nuc343,  65535,  0, 0, 0, , 0, 0, 0, 0, 0,
8,  1,  8,  8,  -1,  341, 396,  18.0,  145,  Nuc422,  65535,  0, 0, 0, , 0, 0, 0, 0, 0,
9,  1,  9,  9,  -1,  442, 312,  15.0,  113,  Nuc432,  65535,  0, 0, 0, , 0, 0, 0, 0, 0,
10,  1,  -1,  10,  -1,  189, 154,  16.0,  125,  Nuc457,  65535,  0, 0, 0, , 0, 0, 0, 0, 0,
