1, 1, 1, 1, -1, 586, 303, 17.0, 75, Nuc8, 65535,
2, 1, 2, 2, -1, 202, 195, 19.0, 73, Nuc71, 65535,
3, 1, 3, 3, -1, 469, 135, 20.0, 87, Nuc103, 65535,
4, 1, 4, 4, -1, 396, 326, 17.0, 61, Nuc194, 65535,
5, 1, 5, 5, -1, 95, 303, 16.0, 53, Nuc257, 65535,
6, 1, 6, 6, -1, 404, 275, 16.0, 59, Nuc283, 65535,
7, 1, 7, 7, -1, 226, 262, 24.0, 57, Nuc344, 65535,
8, 1, 8, 8, -1, 354, 396, 16.0, 97, Nuc423, 65535,
9, 1, 9, 9, -1, 420, 299, 15.0, 113, Nuc433, 65535,
10, 1, 10, 10, -1, 184, 139, 16.0, 189, Nuc458, 65535,
11, 1, -1, 11, -1, 442, 329, 25.0, 53, Nuc464, 65535,
