1, 1, 1, 1, -1, 575, 263, 16.0, 89, Nuc10, 65535,
2, 1, 2, 2, -1, 190, 165, 18.0, 103, Nuc73, 65535,
3, 1, 3, 3, -1, 444, 148, 20.0, 91, Nuc105, 65535,
4, 1, 4, 4, -1, 395, 321, 15.0, 103, Nuc196, 65535,
5, 1, 5, 5, -1, 95, 306, 16.0, 71, Nuc259, 65535,
6, 1, 6, 6, -1, 296, 242, 15.0, 153, Nuc285, 65535,
7, 1, 7, 7, -1, 234, 271, 20.0, 143, Nuc346, 65535,
8, 1, 8, 8, -1, 307, 392, 14.0, 89, Nuc425, 65535,
9, 1, 9, 9, -1, 406, 288, 15.0, 63, Nuc435, 65535,
10, 1, 10, 10, -1, 289, 83, 16.0, 131, Nuc460, 65535,
11, 1, 11, 11, -1, 468, 349, 25.0, 71, Nuc466, 65535,
