1, 1, 1, 1, -1, 571, 234, 16.0, 79, Nuc11, 65535,
2, 1, 2, 2, -1, 194, 169, 19.0, 79, Nuc74, 65535,
3, 1, 3, 3, -1, 425, 150, 20.0, 73, Nuc106, 65535,
4, 1, 4, 4, -1, 404, 329, 16.0, 83, Nuc197, 65535,
5, 1, 5, 5, -1, 95, 306, 15.0, 63, Nuc260, 65535,
6, 1, 6, 6, -1, 317, 216, 15.0, 163, Nuc286, 65535,
7, 1, 7, 7, -1, 211, 287, 23.0, 73, Nuc347, 65535,
8, 1, 8, 8, -1, 318, 409, 16.0, 89, Nuc426, 65535,
9, 1, 9, 9, -1, 414, 290, 15.0, 63, Nuc436, 65535,
10, 1, 10, 10, -1, 281, 84, 16.0, 159, Nuc461, 65535,
11, 1, 11, 11, -1, 477, 325, 25.0, 63, Nuc467, 65535,
