1, 1, 1, 1, -1, 578, 241, 16.0, 79, Nuc12, 65535,
2, 1, 2, 2, -1, 180, 152, 18.0, 155, Nuc75, 65535,
3, 1, 3, 3, -1, 431, 144, 20.0, 77, Nuc107, 65535,
4, 1, 4, 4, -1, 387, 356, 15.0, 77, Nuc198, 65535,
5, 1, 5, 5, -1, 95, 306, 15.0, 55, Nuc261, 65535,
6, 1, 6, 6, -1, 232, 260, 14.0, 103, Nuc287, 65535,
7, 1, 7, 7, -1, 217, 300, 24.0, 69, Nuc348, 65535,
8, 1, 8, 8, -1, 318, 411, 16.0, 87, Nuc427, 65535,
9, 1, 9, 9, -1, 422, 291, 15.0, 61, Nuc437, 65535,
10, 1, 10, 10, -1, 275, 86, 16.0, 109, Nuc462, 65535,
11, 1, 11, 11, -1, 477, 319, 26.0, 67, Nuc468, 65535,
