1, 1, 1, 1, -1, 585, 238, 16.0, 81, Nuc13, 65535,
2, 1, 2, 2, -1, 168, 171, 20.0, 65, Nuc76, 65535,
3, 1, 3, 3, -1, 466, 159, 19.0, 49, Nuc108, 65535,
4, 1, 4, 4, -1, 377, 361, 14.0, 71, Nuc199, 65535,
5, 1, 5, 5, -1, 94, 307, 15.0, 49, Nuc262, 65535,
6, 1, 6, 6, -1, 216, 263, 14.0, 113, Nuc288, 65535,
7, 1, 7, 7, -1, 223, 310, 25.0, 69, Nuc349, 65535,
8, 1, 8, 8, -1, 283, 397, 16.0, 79, Nuc428, 65535,
9, 1, 9, 9, -1, 428, 276, 16.0, 49, Nuc438, 65535,
10, 1, 10, -1, -1, 165, 94, 16.0, 69, Nuc463, 65535,
11, 1, 11, 10, -1, 469, 311, 27.0, 67, Nuc469, 65535,
12, 1, -1, 11, -1, 314, 107, 16.0, 183, Nuc520, 65535,
13, 1, -1, 12, -1, 538, 128, 15.0, 73, Nuc577, 65535,
