1, 1, 1, 1, -1, 578, 275, 17.0, 69, Nuc15, 65535,
2, 1, 2, 2, -1, 167, 187, 18.0, 81, Nuc78, 65535,
3, 1, 3, 3, -1, 498, 174, 18.0, 71, Nuc110, 65535,
4, 1, 4, 4, -1, 355, 355, 14.0, 83, Nuc201, 65535,
5, 1, 5, 5, -1, 94, 308, 15.0, 61, Nuc264, 65535,
6, 1, 6, 6, -1, 279, 89, 15.0, 103, Nuc290, 65535,
7, 1, 7, 7, -1, 245, 306, 25.0, 77, Nuc351, 65535,
8, 1, 9, 8, -1, 412, 238, 15.0, 63, Nuc440, 65535,
9, 1, 10, 9, -1, 449, 306, 27.0, 73, Nuc471, 65535,
10, 1, 11, 10, -1, 397, 115, 19.0, 73, Nuc522, 65535,
11, 1, 12, 11, -1, 587, 160, 16.0, 99, Nuc579, 65535,
12, 1, -1, 12, -1, 544, 383, 15.0, 133, Nuc581, 65535,
13, 1, -1, 13, -1, 504, 99, 16.0, 83, Nuc630, 65535,
