1,  1,  1,  1,  -1,  585, 282,  17.0,  65,  Nuc16,  65535,  0, 0, 0, , 0, 0, 0, 0, 0,
2,  1,  2,  2,  -1,  170, 207,  18.0,  77,  Nuc79,  65535,  0, 0, 0, , 0, 0, 0, 0, 0,
3,  1,  3,  3,  -1,  508, 184,  17.0,  71,  Nuc111,  65535,  0, 0, 0, , 0, 0, 0, 0, 0,
4,  1,  4,  4,  -1,  351, 348,  14.0,  83,  Nuc202,  65535,  0, 0, 0, , 0, 0, 0, 0, 0,
5,  1,  5,  5,  -1,  95, 308,  15.0,  59,  Nuc265,  65535,  0, 0, 0, , 0, 0, 0, 0, 0,
6,  1,  6,  6,  -1,  250, 102,  16.0,  185,  Nuc291,  65535,  0, 0, 0, , 0, 0, 0, 0, 0,
7,  1,  7,  7,  -1,  255, 312,  24.0,  75,  Nuc352,  65535,  0, 0, 0, , 0, 0, 0, 0, 0,
8,  1,  8,  8,  -1,  410, 212,  15.0,  59,  Nuc441,  65535,  0, 0, 0, , 0, 0, 0, 0, 0,
9,  1,  9,  9,  -1,  439, 282,  26.0,  73,  Nuc472,  65535,  0, 0, 0, , 0, 0, 0, 0, 0,
10,  1,  10,  10,  -1,  387, 100,  19.0,  73,  Nuc523,  65535,  0, 0, 0, , 0, 0, 0, 0, 0,
11,  1,  11,  -1,  -1,  600, 172,  16.0,  101,  Nuc580,  65535,  0, 0, 0, , 0, 0, 0, 0, 0,
12,  1,  12,  11,  -1,  525, 373,  15.0,  171,  Nuc582,  65535,  0, 0, 0, , 0, 0, 0, 0, 0,
13,  1,  13,  12,  -1,  503, 102,  16.0,  91,  Nuc631,  65535,  0, 0, 0, , 0, 0, 0, 0, 0,
