1,  1,  1,  1,  -1,  596, 290,  17.0,  105,  Nuc17,  65535,  0, 0, 0, , 0, 0, 0, 0, 0,
2,  1,  2,  2,  -1,  172, 214,  18.0,  83,  Nuc80,  65535,  0, 0, 0, , 0, 0, 0, 0, 0,
3,  1,  3,  3,  -1,  533, 189,  17.0,  173,  Nuc112,  65535,  0, 0, 0, , 0, 0, 0, 0, 0,
4,  1,  4,  4,  -1,  348, 349,  14.0,  87,  Nuc203,  65535,  0, 0, 0, , 0, 0, 0, 0, 0,
5,  1,  5,  5,  -1,  94, 309,  15.0,  67,  Nuc266,  65535,  0, 0, 0, , 0, 0, 0, 0, 0,
6,  1,  6,  6,  -1,  263, 124,  15.0,  127,  Nuc292,  65535,  0, 0, 0, , 0, 0, 0, 0, 0,
7,  1,  7,  7,  -1,  261, 314,  25.0,  81,  Nuc353,  65535,  0, 0, 0, , 0, 0, 0, 0, 0,
8,  1,  8,  8,  -1,  424, 238,  20.0,  75,  Nuc442,  65535,  0, 0, 0, , 0, 0, 0, 0, 0,
9,  1,  9,  9,  -1,  425, 277,  24.0,  73,  Nuc473,  65535,  0, 0, 0, , 0, 0, 0, 0, 0,
10,  1,  10,  10,  -1,  366, 92,  20.0,  83,  Nuc524,  65535,  0, 0, 0, , 0, 0, 0, 0, 0,
11,  1,  12,  11,  -1,  539, 380,  15.0,  183,  Nuc583,  65535,  0, 0, 0, , 0, 0, 0, 0, 0,
12,  1,  13,  12,  -1,  485, 104,  16.0,  107,  Nuc632,  65535,  0, 0, 0, , 0, 0, 0, 0, 0,
