1, 1, 1, 1, -1, 605, 249, 16.0, 75, Nuc18, 65535,
2, 1, 2, 2, -1, 173, 205, 17.0, 83, Nuc81, 65535,
3, 1, 3, 3, -1, 530, 198, 16.0, 83, Nuc113, 65535,
4, 1, 4, 4, -1, 333, 345, 14.0, 85, Nuc204, 65535,
5, 1, 5, 5, -1, 94, 310, 15.0, 67, Nuc267, 65535,
6, 1, 6, 6, -1, 242, 96, 15.0, 109, Nuc293, 65535,
7, 1, 7, 7, -1, 262, 303, 25.0, 77, Nuc354, 65535,
8, 1, 8, 8, -1, 402, 239, 14.0, 67, Nuc443, 65535,
9, 1, 9, 9, -1, 412, 272, 23.0, 73, Nuc474, 65535,
10, 1, 10, 10, -1, 362, 91, 20.0, 85, Nuc525, 65535,
11, 1, 11, 11, -1, 557, 329, 18.0, 73, Nuc584, 65535,
12, 1, 12, 12, -1, 457, 251, 26.0, 75, Nuc633, 65535,
