1, 1, 1, 1, -1, 614, 245, 16.0, 51, Nuc19, 65535,
2, 1, 2, 2, -1, 160, 201, 17.0, 73, Nuc82, 65535,
3, 1, 3, 3, -1, 615, 164, 16.0, 63, Nuc114, 29775,
4, 1, 4, 4, -1, 319, 335, 14.0, 77, Nuc205, 65535,
5, 1, 5, 5, -1, 94, 309, 14.0, 47, Nuc268, 65535,
6, 1, 6, 6, -1, 227, 87, 15.0, 129, Nuc294, 65535,
7, 1, 7, 7, -1, 278, 292, 25.0, 73, Nuc355, 65535,
8, 1, 8, 8, -1, 386, 256, 14.0, 45, Nuc444, 65535,
9, 1, 9, 9, -1, 398, 268, 21.0, 73, Nuc475, 65535,
10, 1, 10, 10, -1, 363, 93, 19.0, 65, Nuc526, 65535,
11, 1, 11, 11, -1, 486, 382, 13.0, 125, Nuc585, 65535,
12, 1, 12, 12, -1, 475, 238, 25.0, 71, Nuc634, 65535,
13, 1, -1, 13, -1, 533, 207, 16.0, 61, Nuc679, 65535,
