1, 1, 1, 1, -1, 629, 253, 15.0, 65, Nuc21, 65535,
2, 1, 2, 2, -1, 161, 179, 17.0, 77, Nuc84, 65535,
3, 1, 3, 3, -1, 631, 191, 15.0, 91, Nuc116, 59114,
4, 1, 4, 4, -1, 312, 319, 14.0, 81, Nuc207, 65535,
5, 1, 5, 5, -1, 94, 310, 14.0, 55, Nuc270, 65535,
6, 1, 6, 6, -1, 260, 93, 14.0, 115, Nuc296, 65535,
7, 1, 7, 7, -1, 284, 273, 25.0, 71, Nuc357, 65535,
8, 1, 8, 8, -1, 372, 254, 16.0, 53, Nuc446, 65535,
9, 1, 9, 9, -1, 371, 258, 18.0, 73, Nuc477, 65535,
10, 1, 10, 10, -1, 390, 100, 18.0, 71, Nuc528, 65535,
11, 1, 11, 11, -1, 532, 355, 16.0, 65, Nuc587, 65535,
12, 1, 12, 12, -1, 498, 248, 25.0, 73, Nuc636, 65535,
13, 1, 13, 13, -1, 553, 206, 15.0, 71, Nuc681, 65535,
14, 1, 14, 14, -1, 446, 409, 15.0, 109, Nuc739, 65535,
