1,  1,  1,  1,  -1,  645, 257,  15.0,  57,  Nuc22,  65535,  0, 0, 0, , 0, 0, 0, 0, 0,
2,  1,  2,  2,  -1,  168, 169,  16.0,  79,  Nuc85,  65535,  0, 0, 0, , 0, 0, 0, 0, 0,
3,  1,  3,  3,  -1,  614, 189,  15.0,  91,  Nuc117,  59114,  0, 0, 0, , 0, 0, 0, 0, 0,
4,  1,  4,  4,  -1,  308, 318,  14.0,  81,  Nuc208,  65535,  0, 0, 0, , 0, 0, 0, 0, 0,
5,  1,  5,  5,  -1,  94, 310,  14.0,  45,  Nuc271,  65535,  0, 0, 0, , 0, 0, 0, 0, 0,
6,  1,  6,  6,  -1,  268, 112,  13.0,  107,  Nuc297,  65535,  0, 0, 0, , 0, 0, 0, 0, 0,
7,  1,  7,  7,  -1,  296, 275,  25.0,  75,  Nuc358,  65535,  0, 0, 0, , 0, 0, 0, 0, 0,
8,  1,  8,  8,  -1,  454, 299,  13.0,  71,  Nuc447,  65535,  0, 0, 0, , 0, 0, 0, 0, 0,
9,  1,  9,  9,  -1,  357, 253,  16.0,  43,  Nuc478,  65535,  0, 0, 0, , 0, 0, 0, 0, 0,
10,  1,  10,  10,  -1,  395, 104,  18.0,  69,  Nuc529,  65535,  0, 0, 0, , 0, 0, 0, 0, 0,
11,  1,  11,  11,  -1,  517, 365,  15.0,  59,  Nuc588,  65535,  0, 0, 0, , 0, 0, 0, 0, 0,
12,  1,  12,  12,  -1,  504, 246,  24.0,  75,  Nuc637,  65535,  0, 0, 0, , 0, 0, 0, 0, 0,
13,  1,  13,  13,  -1,  554, 207,  15.0,  69,  Nuc682,  65535,  0, 0, 0, , 0, 0, 0, 0, 0,
14,  1,  14,  14,  -1,  420, 410,  14.0,  91,  Nuc740,  65535,  0, 0, 0, , 0, 0, 0, 0, 0,
