1, 1, 1, 1, -1, 657, 254, 16.0, 59, Nuc23, 65535,
2, 1, 2, 2, -1, 162, 173, 16.0, 67, Nuc86, 65535,
3, 1, 3, 3, -1, 598, 187, 15.0, 91, Nuc118, 59114,
4, 1, 4, 4, -1, 301, 320, 14.0, 75, Nuc209, 65535,
5, 1, 5, 5, -1, 94, 311, 14.0, 45, Nuc272, 65535,
6, 1, 6, 6, -1, 264, 106, 13.0, 107, Nuc298, 65535,
7, 1, 7, 7, -1, 311, 265, 24.0, 57, Nuc359, 65535,
8, 1, 8, 8, -1, 440, 297, 13.0, 71, Nuc448, 65535,
9, 1, 9, 9, -1, 344, 248, 15.0, 45, Nuc479, 65535,
10, 1, 10, 10, -1, 395, 111, 18.0, 71, Nuc530, 65535,
11, 1, 11, 11, -1, 511, 374, 15.0, 63, Nuc589, 65535,
12, 1, 12, 12, -1, 506, 250, 24.0, 65, Nuc638, 65535,
13, 1, 13, 13, -1, 556, 204, 15.0, 71, Nuc683, 65535,
14, 1, 14, 14, -1, 413, 391, 14.0, 131, Nuc741, 65535,
15, 1, -1, 15, -1, 224, 372, 14.0, 107, Nuc748, 65535,
