1, 1, 1, 1, -1, 661, 258, 15.0, 65, Nuc24, 65535,
2, 1, 2, 2, -1, 169, 158, 16.0, 131, Nuc87, 65535,
3, 1, 3, 3, -1, 581, 185, 14.0, 91, Nuc119, 59114,
4, 1, 4, 4, -1, 295, 314, 14.0, 63, Nuc210, 65535,
5, 1, 5, 5, -1, 94, 311, 14.0, 55, Nuc273, 65535,
6, 1, 6, 6, -1, 261, 100, 13.0, 107, Nuc299, 65535,
7, 1, 7, 7, -1, 321, 271, 23.0, 57, Nuc360, 65535,
8, 1, 8, 8, -1, 426, 295, 13.0, 71, Nuc449, 65535,
9, 1, 9, 9, -1, 336, 263, 20.0, 55, Nuc480, 65535,
10, 1, 10, 10, -1, 397, 115, 18.0, 75, Nuc531, 65535,
11, 1, 11, 11, -1, 496, 377, 14.0, 71, Nuc590, 65535,
12, 1, 12, 12, -1, 508, 260, 23.0, 61, Nuc639, 65535,
13, 1, 13, 13, -1, 556, 205, 14.0, 71, Nuc684, 65535,
14, 1, 14, 14, -1, 382, 386, 13.0, 131, Nuc742, 65535,
15, 1, 15, 15, -1, 211, 371, 14.0, 99, Nuc749, 65535,
