1, 1, 1, 1, -1, 659, 262, 15.0, 57, Nuc25, 65535,
2, 1, 2, 2, -1, 138, 229, 14.0, 75, Nuc88, 65535,
3, 1, 3, 3, -1, 564, 183, 14.0, 91, Nuc120, 59114,
4, 1, 4, 4, -1, 342, 252, 15.0, 41, Nuc211, 65535,
5, 1, 5, 5, -1, 192, 262, 13.0, 93, Nuc274, 52338,
6, 1, 6, 6, -1, 257, 94, 13.0, 107, Nuc300, 65535,
7, 1, 7, 7, -1, 331, 277, 22.0, 45, Nuc361, 65535,
8, 1, 8, 8, -1, 411, 292, 13.0, 71, Nuc450, 65535,
9, 1, 9, 9, -1, 376, 349, 12.0, 93, Nuc481, 65535,
10, 1, 10, 10, -1, 392, 118, 17.0, 75, Nuc532, 65535,
11, 1, 11, 11, -1, 486, 383, 14.0, 63, Nuc591, 65535,
12, 1, 12, 12, -1, 505, 262, 22.0, 49, Nuc640, 65535,
13, 1, 13, 13, -1, 549, 196, 14.0, 73, Nuc685, 65535,
14, 1, 14, 14, -1, 351, 381, 13.0, 131, Nuc743, 65535,
15, 1, 15, 15, -1, 200, 358, 14.0, 111, Nuc750, 65535,
16, 1, -1, 16, -1, 249, 222, 12.0, 99, Nuc807, 65535,
17, 1, -1, 17, -1, 94, 312, 14.0, 41, Nuc863, 65535,
18, 1, -1, 18, -1, 291, 308, 14.0, 47, Nuc902, 65535,
19, 1, -1, 19, -1, 181, 161, 17.0, 49, Nuc927, 65535,
