1, 1, 1, 1, -1, 650, 277, 15.0, 59, Nuc28, 65535,
2, 1, 2, 2, -1, 152, 237, 13.0, 75, Nuc91, 65535,
3, 1, 3, 3, -1, 553, 164, 14.0, 73, Nuc123, 65535,
4, 1, 4, 4, -1, 366, 197, 13.0, 43, Nuc214, 65535,
5, 1, 5, 5, -1, 245, 75, 14.0, 79, Nuc303, 65535,
6, 1, 6, 6, -1, 320, 246, 23.0, 49, Nuc364, 65535,
7, 1, 7, 7, -1, 403, 263, 12.0, 67, Nuc453, 30442,
8, 1, 8, 8, -1, 326, 349, 21.0, 49, Nuc484, 65535,
9, 1, 9, 9, -1, 394, 121, 18.0, 73, Nuc535, 65535,
10, 1, 10, 10, -1, 507, 349, 14.0, 67, Nuc594, 65535,
11, 1, 11, 11, -1, 464, 308, 25.0, 51, Nuc643, 65535,
12, 1, 12, 12, -1, 525, 249, 22.0, 53, Nuc688, 65535,
13, 1, 13, 13, -1, 169, 376, 15.0, 65, Nuc746, 65535,
14, 1, 14, 14, -1, 214, 320, 16.0, 49, Nuc753, 65535,
15, 1, 15, 15, -1, 225, 138, 17.0, 51, Nuc810, 65535,
16, 1, 16, 16, -1, 94, 312, 14.0, 43, Nuc866, 65535,
17, 1, 17, 17, -1, 299, 267, 14.0, 51, Nuc905, 65535,
18, 1, 18, 18, -1, 152, 192, 19.0, 53, Nuc930, 65535,
