1, 1, 1, 1, -1, 649, 282, 15.0, 59, Nuc30, 65535,
2, 1, 2, 2, -1, 161, 243, 12.0, 91, Nuc93, 65535,
3, 1, 3, 3, -1, 549, 178, 15.0, 75, Nuc125, 65535,
4, 1, 4, 4, -1, 371, 202, 12.0, 41, Nuc216, 65535,
5, 1, 5, 5, -1, 282, 65, 15.0, 55, Nuc305, 65535,
6, 1, 6, 6, -1, 318, 255, 24.0, 55, Nuc366, 65535,
7, 1, 7, 7, -1, 361, 332, 12.0, 73, Nuc455, 30699,
8, 1, 8, 8, -1, 308, 345, 20.0, 55, Nuc486, 65535,
9, 1, 9, 9, -1, 405, 128, 19.0, 77, Nuc537, 65535,
10, 1, 10, 10, -1, 480, 351, 14.0, 69, Nuc596, 65535,
11, 1, 11, 11, -1, 465, 336, 25.0, 55, Nuc645, 65535,
12, 1, 12, 12, -1, 531, 253, 22.0, 55, Nuc690, 65535,
13, 1, 14, 13, -1, 191, 318, 16.0, 55, Nuc755, 65535,
14, 1, 15, 14, -1, 264, 136, 16.0, 57, Nuc812, 65535,
15, 1, 16, 15, -1, 94, 312, 13.0, 39, Nuc868, 65535,
16, 1, 17, 16, -1, 304, 258, 13.0, 57, Nuc907, 65535,
17, 1, 18, 17, -1, 149, 186, 19.0, 57, Nuc932, 65535,
18, 1, 19, 18, -1, 400, 274, 12.0, 81, Nuc984, 65535,
19, 1, 20, 19, -1, 256, 386, 13.0, 105, Nuc987, 65535,
