1, 1, 1, 1, -1, 636, 309, 15.0, 61, Nuc33, 65535,
2, 1, 3, 2, -1, 542, 211, 15.0, 71, Nuc128, 65535,
3, 1, 4, 3, -1, 371, 218, 11.0, 39, Nuc219, 65535,
4, 1, 5, 4, -1, 420, 73, 16.0, 63, Nuc308, 65535,
5, 1, 6, 5, -1, 287, 237, 25.0, 61, Nuc369, 65535,
6, 1, 7, 6, -1, 265, 360, 20.0, 63, Nuc489, 65535,
7, 1, 8, 7, -1, 404, 150, 19.0, 45, Nuc540, 65535,
8, 1, 9, 8, -1, 468, 358, 13.0, 71, Nuc599, 65535,
9, 1, 10, 9, -1, 424, 374, 24.0, 59, Nuc648, 65535,
10, 1, 11, 10, -1, 547, 286, 24.0, 63, Nuc693, 65535,
11, 1, 12, 11, -1, 151, 317, 16.0, 59, Nuc758, 65535,
12, 1, 13, 12, -1, 272, 137, 16.0, 61, Nuc815, 65535,
13, 1, 14, 13, -1, 93, 314, 13.0, 39, Nuc871, 65535,
14, 1, 15, 14, -1, 317, 258, 13.0, 63, Nuc910, 65535,
15, 1, 16, 15, -1, 137, 174, 17.0, 61, Nuc935, 65535,
