1,  1,  1,  1,  -1,  632, 316,  15.0,  61,  Nuc35,  65535,  0, 0, 0, , 0, 0, 0, 0, 0,
2,  1,  2,  2,  3,  535, 201,  16.0,  49,  Nuc130,  65535,  0, 0, 0, , 0, 0, 0, 0, 0,
3,  1,  3,  4,  -1,  368, 211,  12.0,  43,  Nuc221,  65535,  0, 0, 0, , 0, 0, 0, 0, 0,
4,  1,  4,  5,  -1,  352, 138,  18.0,  43,  Nuc310,  65535,  0, 0, 0, , 0, 0, 0, 0, 0,
5,  1,  5,  6,  -1,  288, 218,  25.0,  63,  Nuc371,  65535,  0, 0, 0, , 0, 0, 0, 0, 0,
6,  1,  6,  7,  -1,  281, 376,  19.0,  67,  Nuc491,  65535,  0, 0, 0, , 0, 0, 0, 0, 0,
7,  1,  7,  8,  -1,  419, 176,  20.0,  43,  Nuc542,  65535,  0, 0, 0, , 0, 0, 0, 0, 0,
8,  1,  8,  9,  -1,  469, 350,  14.0,  71,  Nuc601,  65535,  0, 0, 0, , 0, 0, 0, 0, 0,
9,  1,  9,  10,  -1,  408, 368,  24.0,  65,  Nuc650,  65535,  0, 0, 0, , 0, 0, 0, 0, 0,
10,  1,  10,  11,  -1,  553, 302,  23.0,  59,  Nuc695,  65535,  0, 0, 0, , 0, 0, 0, 0, 0,
11,  1,  11,  12,  -1,  173, 333,  15.0,  63,  Nuc760,  65535,  0, 0, 0, , 0, 0, 0, 0, 0,
12,  1,  12,  13,  -1,  226, 136,  15.0,  65,  Nuc817,  65535,  0, 0, 0, , 0, 0, 0, 0, 0,
13,  1,  13,  14,  -1,  93, 314,  13.0,  41,  Nuc873,  65535,  0, 0, 0, , 0, 0, 0, 0, 0,
14,  1,  14,  15,  -1,  336, 249,  13.0,  63,  Nuc912,  65535,  0, 0, 0, , 0, 0, 0, 0, 0,
15,  1,  15,  16,  -1,  127, 212,  17.0,  63,  Nuc937,  65535,  0, 0, 0, , 0, 0, 0, 0, 0,
16,  1,  -1,  17,  -1,  299, 72,  15.0,  67,  Nuc989,  58444,  0, 0, 0, , 0, 0, 0, 0, 0,
