1, 1, 1, 1, -1, 633, 331, 15.0, 59, Nuc36, 65535,
2, 1, 2, 2, -1, 561, 227, 15.0, 43, Nuc131, 65535,
3, 1, 2, 3, -1, 520, 184, 17.0, 41, Nuc159, 65535,
4, 1, 3, 4, -1, 372, 215, 12.0, 43, Nuc222, 65535,
5, 1, 4, 5, -1, 347, 143, 17.0, 49, Nuc311, 65535,
6, 1, 5, 6, -1, 279, 217, 24.0, 63, Nuc372, 65535,
7, 1, 6, 7, -1, 279, 378, 18.0, 65, Nuc492, 65535,
8, 1, 7, 8, -1, 420, 183, 21.0, 45, Nuc543, 65535,
9, 1, 8, 9, -1, 471, 352, 14.0, 69, Nuc602, 65535,
10, 1, 9, 10, -1, 399, 371, 23.0, 65, Nuc651, 65535,
11, 1, 10, 11, -1, 553, 297, 23.0, 63, Nuc696, 65535,
12, 1, 11, 12, -1, 173, 330, 15.0, 63, Nuc761, 65535,
13, 1, 12, 13, -1, 219, 134, 15.0, 65, Nuc818, 65535,
14, 1, 13, 14, -1, 93, 314, 13.0, 41, Nuc874, 65535,
15, 1, 14, 15, -1, 335, 249, 13.0, 65, Nuc913, 65535,
16, 1, 15, 16, -1, 124, 211, 17.0, 65, Nuc938, 65535,
17, 1, 16, 17, -1, 318, 76, 13.0, 85, Nuc990, 65535,
