1, 1, 1, 1, -1, 630, 341, 16.0, 59, Nuc37, 65535,
2, 1, 2, 2, -1, 577, 231, 16.0, 45, Nuc132, 65535,
3, 1, 3, 3, -1, 518, 177, 16.0, 45, Nuc160, 65535,
4, 1, 4, 4, -1, 375, 211, 12.0, 43, Nuc223, 65535,
5, 1, 5, 5, -1, 334, 132, 17.0, 53, Nuc312, 65535,
6, 1, 6, 6, -1, 271, 216, 24.0, 65, Nuc373, 65535,
7, 1, 7, 7, -1, 289, 383, 18.0, 67, Nuc493, 65535,
8, 1, 8, 8, -1, 416, 176, 21.0, 49, Nuc544, 65535,
9, 1, 9, 9, -1, 472, 344, 14.0, 55, Nuc603, 65535,
10, 1, 10, 10, -1, 406, 358, 24.0, 65, Nuc652, 65535,
11, 1, 11, 11, -1, 543, 280, 24.0, 63, Nuc697, 65535,
12, 1, 12, 12, -1, 183, 340, 15.0, 65, Nuc762, 65535,
13, 1, 13, 13, -1, 210, 124, 15.0, 67, Nuc819, 65535,
14, 1, 14, 14, -1, 93, 314, 13.0, 41, Nuc875, 65535,
15, 1, 15, 15, -1, 338, 251, 13.0, 63, Nuc914, 65535,
16, 1, 16, 16, -1, 123, 221, 17.0, 63, Nuc939, 65535,
17, 1, 17, 17, -1, 296, 79, 14.0, 75, Nuc991, 65535,
