1, 1, 1, 1, -1, 634, 334, 16.0, 59, Nuc38, 65535,
2, 1, 2, 2, -1, 587, 228, 16.0, 49, Nuc133, 65535,
3, 1, 3, 3, -1, 518, 169, 15.0, 47, Nuc161, 65535,
4, 1, 4, 4, -1, 373, 209, 12.0, 41, Nuc224, 65535,
5, 1, 5, 5, -1, 319, 118, 17.0, 53, Nuc313, 65535,
6, 1, 6, 6, -1, 264, 218, 24.0, 65, Nuc374, 65535,
7, 1, 7, 7, -1, 301, 382, 18.0, 67, Nuc494, 65535,
8, 1, 8, 8, -1, 424, 173, 20.0, 51, Nuc545, 65535,
9, 1, 9, 9, -1, 470, 343, 15.0, 49, Nuc604, 65535,
10, 1, 10, 10, -1, 416, 356, 24.0, 69, Nuc653, 65535,
11, 1, 11, 11, -1, 541, 270, 24.0, 63, Nuc698, 65535,
12, 1, 12, 12, -1, 195, 349, 15.0, 67, Nuc763, 65535,
13, 1, 13, 13, -1, 201, 120, 15.0, 69, Nuc820, 65535,
14, 1, 14, 14, -1, 93, 314, 13.0, 41, Nuc876, 65535,
15, 1, 15, 15, -1, 339, 246, 13.0, 65, Nuc915, 65535,
16, 1, 16, 16, -1, 124, 231, 17.0, 65, Nuc940, 65535,
17, 1, 17, -1, -1, 290, 67, 14.0, 71, Nuc992, 65535,
18, 1, -1, 17, -1, 382, 352, 11.0, 83, Nuc993, 65535,
