1, 1, 1, 1, -1, 627, 343, 16.0, 59, Nuc39, 65535,
2, 1, 2, 2, -1, 584, 245, 15.0, 53, Nuc134, 65535,
3, 1, 3, 3, -1, 517, 168, 15.0, 53, Nuc162, 65535,
4, 1, 4, 4, -1, 372, 198, 11.0, 45, Nuc225, 65535,
5, 1, 5, 5, -1, 300, 115, 17.0, 55, Nuc314, 65535,
6, 1, 6, 6, -1, 264, 213, 24.0, 65, Nuc375, 65535,
7, 1, 7, 7, -1, 304, 383, 18.0, 69, Nuc495, 65535,
8, 1, 8, 8, -1, 438, 180, 22.0, 57, Nuc546, 65535,
9, 1, 9, 9, -1, 475, 332, 15.0, 53, Nuc605, 65535,
10, 1, 10, 10, -1, 421, 350, 24.0, 67, Nuc654, 65535,
11, 1, 11, 11, -1, 547, 268, 23.0, 61, Nuc699, 65535,
12, 1, 12, 12, -1, 197, 355, 14.0, 67, Nuc764, 65535,
13, 1, 13, 13, -1, 192, 126, 16.0, 67, Nuc821, 65535,
14, 1, 14, 14, -1, 93, 314, 13.0, 41, Nuc877, 65535,
15, 1, 15, 15, -1, 343, 240, 12.0, 65, Nuc916, 65535,
16, 1, 16, 16, -1, 117, 233, 17.0, 69, Nuc941, 65535,
17, 1, 18, 17, -1, 398, 384, 12.0, 69, Nuc994, 65535,
