1, 1, 1, 1, -1, 637, 341, 16.0, 59, Nuc41, 65535,
2, 1, 2, 2, -1, 599, 266, 15.0, 55, Nuc136, 65535,
3, 1, 3, 3, -1, 489, 159, 15.0, 55, Nuc164, 65535,
4, 1, 4, 4, -1, 363, 178, 11.0, 43, Nuc227, 65535,
5, 1, 5, 5, -1, 291, 113, 17.0, 59, Nuc316, 65535,
6, 1, 6, 6, -1, 280, 226, 24.0, 67, Nuc377, 65535,
7, 1, 7, 7, -1, 309, 393, 19.0, 73, Nuc497, 65535,
8, 1, 8, 8, -1, 446, 183, 22.0, 57, Nuc548, 65535,
9, 1, 9, 9, -1, 429, 320, 14.0, 45, Nuc607, 65535,
10, 1, 10, 10, -1, 434, 340, 24.0, 69, Nuc656, 65535,
11, 1, 11, 11, -1, 547, 266, 24.0, 67, Nuc701, 65535,
12, 1, 12, 12, -1, 205, 354, 14.0, 69, Nuc766, 65535,
13, 1, 13, 13, -1, 193, 132, 15.0, 69, Nuc823, 65535,
14, 1, 14, 14, -1, 93, 315, 13.0, 41, Nuc879, 65535,
15, 1, 15, 15, -1, 329, 221, 12.0, 69, Nuc918, 65535,
16, 1, 16, 16, -1, 129, 242, 17.0, 65, Nuc943, 65535,
17, 1, 17, 17, -1, 369, 354, 11.0, 69, Nuc996, 24708,
18, 1, 18, 18, -1, 508, 341, 15.0, 45, Nuc1020, 65535,
19, 1, -1, 19, -1, 337, 324, 11.0, 51, Nuc1043, 45759,
