1,  1,  1,  1,  -1,  631, 338,  15.0,  61,  Nuc43,  65535,  0, 0, 0, , 0, 0, 0, 0, 0,
2,  1,  2,  2,  -1,  599, 256,  14.0,  57,  Nuc138,  65535,  0, 0, 0, , 0, 0, 0, 0, 0,
3,  1,  3,  3,  -1,  493, 148,  15.0,  59,  Nuc166,  65535,  0, 0, 0, , 0, 0, 0, 0, 0,
4,  1,  4,  4,  -1,  350, 173,  11.0,  43,  Nuc229,  65535,  0, 0, 0, , 0, 0, 0, 0, 0,
5,  1,  5,  5,  -1,  314, 108,  17.0,  61,  Nuc318,  65535,  0, 0, 0, , 0, 0, 0, 0, 0,
6,  1,  6,  6,  -1,  285, 222,  24.0,  67,  Nuc379,  65535,  0, 0, 0, , 0, 0, 0, 0, 0,
7,  1,  7,  7,  -1,  311, 388,  21.0,  75,  Nuc499,  65535,  0, 0, 0, , 0, 0, 0, 0, 0,
8,  1,  8,  8,  -1,  447, 175,  21.0,  61,  Nuc550,  65535,  0, 0, 0, , 0, 0, 0, 0, 0,
9,  1,  9,  9,  -1,  412, 329,  13.0,  53,  Nuc609,  65535,  0, 0, 0, , 0, 0, 0, 0, 0,
10,  1,  10,  10,  -1,  439, 341,  24.0,  63,  Nuc658,  65535,  0, 0, 0, , 0, 0, 0, 0, 0,
11,  1,  11,  11,  -1,  554, 254,  23.0,  67,  Nuc703,  65535,  0, 0, 0, , 0, 0, 0, 0, 0,
12,  1,  12,  12,  -1,  203, 345,  13.0,  69,  Nuc768,  65535,  0, 0, 0, , 0, 0, 0, 0, 0,
13,  1,  13,  13,  -1,  198, 128,  15.0,  69,  Nuc825,  65535,  0, 0, 0, , 0, 0, 0, 0, 0,
14,  1,  14,  14,  -1,  93, 316,  13.0,  39,  Nuc881,  65535,  0, 0, 0, , 0, 0, 0, 0, 0,
15,  1,  15,  15,  -1,  330, 224,  12.0,  71,  Nuc920,  65535,  0, 0, 0, , 0, 0, 0, 0, 0,
16,  1,  16,  16,  -1,  138, 237,  17.0,  67,  Nuc945,  65535,  0, 0, 0, , 0, 0, 0, 0, 0,
17,  1,  17,  17,  -1,  357, 380,  11.0,  79,  Nuc998,  56952,  0, 0, 0, , 0, 0, 0, 0, 0,
18,  1,  18,  18,  -1,  517, 343,  15.0,  49,  Nuc1022,  65535,  0, 0, 0, , 0, 0, 0, 0, 0,
19,  1,  19,  19,  -1,  325, 328,  11.0,  61,  Nuc1045,  65535,  0, 0, 0, , 0, 0, 0, 0, 0,
20,  1,  -1,  20,  -1,  544, 407,  12.0,  59,  Nuc1047,  25467,  0, 0, 0, , 0, 0, 0, 0, 0,
