1, 1, 1, 1, -1, 642, 325, 15.0, 57, Nuc45, 65535,
2, 1, 2, 2, -1, 601, 249, 14.0, 57, Nuc140, 65535,
3, 1, 3, 3, -1, 492, 150, 14.0, 61, Nuc168, 65535,
4, 1, 4, 4, -1, 332, 177, 11.0, 45, Nuc231, 65535,
5, 1, 5, 5, -1, 332, 104, 16.0, 61, Nuc320, 65535,
6, 1, 6, 6, 7, 290, 227, 23.0, 55, Nuc381, 65535,
7, 1, 7, 8, -1, 308, 377, 21.0, 59, Nuc501, 65535,
8, 1, 8, 9, -1, 446, 171, 21.0, 61, Nuc552, 65535,
9, 1, 9, 10, -1, 413, 319, 12.0, 53, Nuc611, 65535,
10, 1, 10, 11, -1, 429, 326, 22.0, 47, Nuc660, 65535,
11, 1, 11, 12, -1, 554, 252, 22.0, 47, Nuc705, 65535,
12, 1, 12, 13, 14, 200, 325, 15.0, 51, Nuc770, 65535,
13, 1, 13, 15, -1, 203, 133, 16.0, 67, Nuc827, 65535,
14, 1, 14, 16, -1, 93, 315, 13.0, 39, Nuc883, 65535,
15, 1, 15, 17, -1, 330, 219, 13.0, 57, Nuc922, 65535,
16, 1, 16, 18, -1, 150, 230, 18.0, 53, Nuc947, 65535,
17, 1, 17, 19, -1, 375, 388, 11.0, 65, Nuc1000, 27626,
18, 1, 18, 20, -1, 541, 353, 15.0, 53, Nuc1024, 65535,
19, 1, 20, -1, -1, 516, 423, 13.0, 67, Nuc1049, 49708,
