1, 1, 1, 1, -1, 641, 317, 15.0, 51, Nuc46, 65535,
2, 1, 2, 2, -1, 600, 246, 13.0, 59, Nuc141, 65535,
3, 1, 3, 3, -1, 498, 150, 14.0, 61, Nuc169, 65535,
4, 1, 4, 4, -1, 329, 178, 11.0, 41, Nuc232, 65535,
5, 1, 5, 5, -1, 331, 103, 17.0, 67, Nuc321, 65535,
6, 1, 6, 6, -1, 311, 240, 23.0, 43, Nuc382, 65535,
7, 1, 6, 7, -1, 281, 222, 23.0, 41, Nuc400, 65535,
8, 1, 7, 8, -1, 329, 381, 20.0, 49, Nuc502, 65535,
9, 1, 8, 9, -1, 446, 174, 21.0, 61, Nuc553, 65535,
10, 1, 9, 10, -1, 405, 315, 13.0, 53, Nuc612, 65535,
11, 1, 10, 11, -1, 457, 344, 20.0, 41, Nuc661, 65535,
12, 1, 11, 12, 13, 547, 244, 22.0, 43, Nuc706, 65535,
13, 1, 12, 14, -1, 235, 343, 14.0, 43, Nuc771, 65535,
14, 1, 12, 15, -1, 193, 322, 16.0, 43, Nuc789, 65535,
15, 1, 13, 16, 17, 221, 144, 15.0, 49, Nuc828, 65535,
16, 1, 14, 18, -1, 93, 316, 13.0, 39, Nuc884, 65535,
17, 1, 15, 19, -1, 337, 221, 13.0, 47, Nuc923, 65535,
18, 1, 16, 20, 21, 152, 244, 18.0, 45, Nuc948, 65535,
19, 1, 17, 22, -1, 419, 318, 23.0, 39, Nuc1001, 65535,
20, 1, 18, 23, -1, 543, 358, 15.0, 55, Nuc1025, 65535,
