1, 1, 1, 1, -1, 644, 295, 15.0, 45, Nuc47, 65535,
2, 1, 2, 2, -1, 594, 228, 13.0, 65, Nuc142, 65535,
3, 1, 3, 3, -1, 487, 154, 13.0, 61, Nuc170, 65535,
4, 1, 4, 4, -1, 317, 208, 11.0, 35, Nuc233, 65535,
5, 1, 5, 5, -1, 321, 105, 16.0, 69, Nuc322, 65535,
6, 1, 6, 6, -1, 314, 251, 23.0, 35, Nuc383, 65535,
7, 1, 7, 7, -1, 245, 211, 23.0, 35, Nuc401, 65535,
8, 1, 8, 8, -1, 364, 390, 18.0, 39, Nuc503, 65535,
9, 1, 9, 9, -1, 433, 162, 21.0, 69, Nuc554, 65535,
10, 1, 10, 10, -1, 430, 317, 13.0, 57, Nuc613, 65535,
11, 1, 11, 11, -1, 483, 349, 21.0, 35, Nuc662, 65535,
12, 1, 12, 12, -1, 519, 221, 24.0, 37, Nuc707, 65535,
13, 1, 12, 13, -1, 574, 261, 21.0, 35, Nuc724, 65535,
14, 1, 13, 14, -1, 293, 361, 22.0, 37, Nuc772, 65535,
15, 1, 14, 15, -1, 190, 334, 15.0, 37, Nuc790, 65535,
16, 1, 15, 16, -1, 184, 122, 16.0, 37, Nuc829, 65535,
17, 1, 15, 17, -1, 218, 159, 14.0, 39, Nuc846, 65535,
18, 1, 16, 18, -1, 93, 316, 13.0, 35, Nuc885, 65535,
19, 1, 17, 19, -1, 294, 217, 13.0, 41, Nuc924, 65535,
20, 1, 18, 20, -1, 126, 210, 19.0, 37, Nuc949, 65535,
21, 1, 18, 21, -1, 149, 267, 17.0, 39, Nuc966, 65535,
22, 1, 19, 22, -1, 418, 314, 24.0, 37, Nuc1002, 62235,
23, 1, 20, 23, -1, 551, 355, 15.0, 57, Nuc1026, 65535,
24, 1, -1, -1, -1, 91, 173, 17.0, 43, Nuc1050, 48837,
25, 1, -1, 24, -1, 583, 165, 9.0, 29, Nuc1051, 7214,
26, 1, -1, 25, -1, 216, 215, 11.0, 48, Nuc1055, 17219,
27, 1, -1, -1, -1, 413, 234, 11.0, 55, Nuc1058, 65535,
28, 1, -1, 26, -1, 260, 358, 13.0, 37, Nuc1059, 65535,
29, 1, -1, 27, -1, 352, 259, 13.0, 35, Nuc1076, 65535,
