1,  1,  1,  1,  -1,  637, 286,  14.0,  43,  Nuc48,  65535,  0, 0, 0, , 0, 0, 0, 0, 0,
2,  1,  2,  2,  -1,  587, 221,  14.0,  65,  Nuc143,  65535,  0, 0, 0, , 0, 0, 0, 0, 0,
3,  1,  3,  3,  -1,  479, 159,  14.0,  63,  Nuc171,  65535,  0, 0, 0, , 0, 0, 0, 0, 0,
4,  1,  4,  4,  -1,  307, 235,  11.0,  35,  Nuc234,  65535,  0, 0, 0, , 0, 0, 0, 0, 0,
5,  1,  5,  5,  -1,  307, 102,  15.0,  69,  Nuc323,  65535,  0, 0, 0, , 0, 0, 0, 0, 0,
6,  1,  6,  6,  -1,  319, 250,  23.0,  39,  Nuc384,  65535,  0, 0, 0, , 0, 0, 0, 0, 0,
7,  1,  7,  7,  -1,  243, 203,  23.0,  37,  Nuc402,  65535,  0, 0, 0, , 0, 0, 0, 0, 0,
8,  1,  8,  8,  -1,  380, 390,  19.0,  41,  Nuc504,  65535,  0, 0, 0, , 0, 0, 0, 0, 0,
9,  1,  9,  9,  -1,  414, 144,  20.0,  71,  Nuc555,  65535,  0, 0, 0, , 0, 0, 0, 0, 0,
10,  1,  10,  10,  -1,  451, 335,  13.0,  57,  Nuc614,  65535,  0, 0, 0, , 0, 0, 0, 0, 0,
11,  1,  11,  11,  -1,  492, 336,  22.0,  41,  Nuc663,  65535,  0, 0, 0, , 0, 0, 0, 0, 0,
12,  1,  12,  12,  -1,  514, 211,  23.0,  41,  Nuc708,  65535,  0, 0, 0, , 0, 0, 0, 0, 0,
13,  1,  13,  13,  -1,  582, 260,  21.0,  39,  Nuc725,  65535,  0, 0, 0, , 0, 0, 0, 0, 0,
14,  1,  14,  14,  -1,  287, 361,  23.0,  37,  Nuc773,  65535,  0, 0, 0, , 0, 0, 0, 0, 0,
15,  1,  15,  15,  -1,  205, 364,  15.0,  43,  Nuc791,  65535,  0, 0, 0, , 0, 0, 0, 0, 0,
16,  1,  16,  16,  -1,  170, 124,  17.0,  35,  Nuc830,  65535,  0, 0, 0, , 0, 0, 0, 0, 0,
17,  1,  17,  17,  -1,  210, 176,  13.0,  37,  Nuc847,  65535,  0, 0, 0, , 0, 0, 0, 0, 0,
18,  1,  18,  18,  -1,  93, 316,  13.0,  33,  Nuc886,  65535,  0, 0, 0, , 0, 0, 0, 0, 0,
19,  1,  19,  19,  -1,  287, 233,  13.0,  39,  Nuc925,  65535,  0, 0, 0, , 0, 0, 0, 0, 0,
20,  1,  20,  20,  -1,  110, 226,  18.0,  41,  Nuc950,  65535,  0, 0, 0, , 0, 0, 0, 0, 0,
21,  1,  21,  21,  -1,  153, 285,  17.0,  41,  Nuc967,  65535,  0, 0, 0, , 0, 0, 0, 0, 0,
22,  1,  22,  22,  -1,  417, 294,  25.0,  41,  Nuc1003,  65535,  0, 0, 0, , 0, 0, 0, 0, 0,
23,  1,  23,  23,  -1,  554, 364,  15.0,  55,  Nuc1027,  65535,  0, 0, 0, , 0, 0, 0, 0, 0,
24,  1,  25,  24,  -1,  582, 161,  9.0,  29,  Nuc1052,  8044,  0, 0, 0, , 0, 0, 0, 0, 0,
25,  1,  26,  25,  -1,  218, 243,  11.0,  59,  Nuc1056,  41216,  0, 0, 0, , 0, 0, 0, 0, 0,
26,  1,  28,  26,  -1,  283, 367,  13.0,  45,  Nuc1060,  65535,  0, 0, 0, , 0, 0, 0, 0, 0,
27,  1,  29,  27,  -1,  367, 265,  12.0,  37,  Nuc1077,  65535,  0, 0, 0, , 0, 0, 0, 0, 0,
