1, 1, 1, 1, -1, 636, 263, 14.0, 31, Nuc49, 65535,
2, 1, 2, 2, -1, 577, 217, 14.0, 65, Nuc144, 65535,
3, 1, 3, 3, -1, 466, 164, 14.0, 63, Nuc172, 65535,
4, 1, 4, 4, -1, 308, 276, 10.0, 29, Nuc235, 65535,
5, 1, 5, 5, -1, 302, 110, 15.0, 69, Nuc324, 65535,
6, 1, 6, 6, -1, 313, 248, 22.0, 41, Nuc385, 65535,
7, 1, 7, 7, -1, 236, 204, 23.0, 43, Nuc403, 65535,
8, 1, 8, 8, -1, 385, 383, 19.0, 43, Nuc505, 65535,
9, 1, 9, 9, -1, 407, 137, 20.0, 69, Nuc556, 65535,
10, 1, 10, 10, -1, 451, 345, 14.0, 59, Nuc615, 65535,
11, 1, 11, 11, -1, 497, 330, 22.0, 47, Nuc664, 65535,
12, 1, 12, 12, -1, 511, 209, 23.0, 45, Nuc709, 65535,
13, 1, 13, 13, -1, 588, 257, 21.0, 43, Nuc726, 65535,
14, 1, 14, 14, -1, 291, 356, 23.0, 43, Nuc774, 65535,
15, 1, 15, 15, -1, 215, 372, 15.0, 49, Nuc792, 65535,
16, 1, 16, 16, -1, 177, 120, 15.0, 37, Nuc831, 65535,
17, 1, 17, 17, -1, 209, 193, 13.0, 39, Nuc848, 65535,
18, 1, 18, 18, -1, 92, 317, 13.0, 31, Nuc887, 65535,
19, 1, 19, -1, -1, 316, 201, 11.0, 33, Nuc926, 18796,
20, 1, 20, 19, -1, 109, 232, 17.0, 39, Nuc951, 65535,
21, 1, 21, 20, -1, 156, 289, 17.0, 43, Nuc968, 65535,
22, 1, 22, 21, -1, 417, 295, 25.0, 49, Nuc1004, 65535,
23, 1, 23, 22, -1, 548, 362, 15.0, 61, Nuc1028, 65535,
24, 1, 24, 23, -1, 583, 163, 9.0, 29, Nuc1053, 6740,
25, 1, 25, -1, -1, 246, 229, 11.0, 45, Nuc1057, 41851,
26, 1, 26, 24, -1, 294, 367, 14.0, 49, Nuc1061, 65535,
27, 1, 27, 25, -1, 372, 267, 13.0, 45, Nuc1078, 65535,
28, 1, -1, 26, -1, 290, 252, 12.0, 39, Nuc1093, 65535,
29, 1, -1, 27, -1, 645, 322, 15.0, 33, Nuc1108, 65535,
