1, 1, 1, 1, -1, 634, 228, 14.0, 39, Nuc51, 65535,
2, 1, 2, 2, -1, 554, 209, 14.0, 63, Nuc146, 65535,
3, 1, 3, 3, -1, 459, 160, 13.0, 67, Nuc174, 65535,
4, 1, 4, 4, -1, 305, 300, 10.0, 33, Nuc237, 65535,
5, 1, 5, 5, -1, 292, 116, 15.0, 71, Nuc326, 65535,
6, 1, 6, 6, -1, 317, 260, 22.0, 53, Nuc387, 65535,
7, 1, 7, 7, -1, 232, 200, 23.0, 47, Nuc405, 65535,
8, 1, 8, 8, -1, 410, 389, 19.0, 55, Nuc507, 65535,
9, 1, 9, 9, -1, 402, 141, 20.0, 71, Nuc558, 65535,
10, 1, 10, 10, -1, 458, 339, 13.0, 59, Nuc617, 65535,
11, 1, 11, 11, -1, 515, 328, 21.0, 51, Nuc666, 65535,
12, 1, 12, 12, -1, 498, 206, 24.0, 51, Nuc711, 65535,
13, 1, 13, 13, -1, 593, 262, 21.0, 53, Nuc728, 65535,
14, 1, 14, 14, -1, 288, 361, 22.0, 47, Nuc776, 65535,
15, 1, 15, 15, -1, 209, 378, 14.0, 57, Nuc794, 65535,
16, 1, 16, 16, -1, 169, 117, 16.0, 53, Nuc833, 65535,
17, 1, 17, 17, -1, 212, 212, 13.0, 51, Nuc850, 65535,
18, 1, 18, 18, -1, 93, 317, 13.0, 35, Nuc889, 65535,
19, 1, 19, 19, -1, 101, 219, 17.0, 49, Nuc953, 65535,
20, 1, 20, 20, -1, 165, 307, 17.0, 51, Nuc970, 65535,
21, 1, 21, 21, -1, 409, 300, 25.0, 53, Nuc1006, 65535,
22, 1, 22, 22, -1, 557, 362, 14.0, 57, Nuc1030, 65535,
23, 1, 24, 23, -1, 321, 370, 14.0, 53, Nuc1063, 65535,
24, 1, 25, 24, -1, 375, 274, 12.0, 53, Nuc1080, 65535,
25, 1, 26, 25, -1, 293, 261, 11.0, 47, Nuc1095, 65535,
26, 1, 27, 26, -1, 644, 321, 15.0, 41, Nuc1110, 65535,
