1, 1, 1, 1, -1, 632, 210, 14.0, 43, Nuc53, 65535,
2, 1, 2, 2, -1, 547, 223, 15.0, 63, Nuc148, 65535,
3, 1, 3, 3, -1, 459, 169, 13.0, 63, Nuc176, 65535,
4, 1, 4, 4, -1, 310, 295, 11.0, 37, Nuc239, 65535,
5, 1, 5, 5, -1, 288, 113, 14.0, 71, Nuc328, 65535,
6, 1, 6, 6, -1, 319, 267, 24.0, 53, Nuc389, 65535,
7, 1, 7, 7, -1, 224, 208, 24.0, 53, Nuc407, 65535,
8, 1, 8, 8, -1, 416, 406, 19.0, 55, Nuc509, 65535,
9, 1, 9, 9, -1, 397, 146, 21.0, 65, Nuc560, 65535,
10, 1, 10, 10, -1, 457, 345, 13.0, 57, Nuc619, 65535,
11, 1, 11, 11, -1, 522, 344, 23.0, 49, Nuc668, 65535,
12, 1, 12, 12, -1, 497, 204, 24.0, 51, Nuc713, 65535,
13, 1, 13, 13, -1, 601, 277, 21.0, 49, Nuc730, 65535,
14, 1, 14, 14, -1, 277, 364, 22.0, 51, Nuc778, 65535,
15, 1, 15, 15, -1, 203, 379, 14.0, 57, Nuc796, 65535,
16, 1, 16, 16, -1, 161, 109, 15.0, 53, Nuc835, 65535,
17, 1, 17, 17, -1, 219, 225, 13.0, 51, Nuc852, 65535,
18, 1, 18, 18, -1, 92, 317, 13.0, 35, Nuc891, 65535,
19, 1, 19, 19, -1, 93, 215, 17.0, 51, Nuc955, 65535,
20, 1, 20, 20, -1, 165, 308, 16.0, 49, Nuc972, 65535,
21, 1, 21, 21, -1, 398, 297, 25.0, 55, Nuc1008, 65535,
22, 1, 22, 22, -1, 560, 369, 14.0, 59, Nuc1032, 65535,
23, 1, 23, 23, -1, 337, 375, 13.0, 53, Nuc1065, 65535,
24, 1, 24, 24, -1, 385, 279, 12.0, 53, Nuc1082, 65535,
25, 1, 25, 25, -1, 288, 259, 12.0, 51, Nuc1097, 65535,
26, 1, 26, 26, -1, 654, 304, 15.0, 47, Nuc1112, 65535,
