1, 1, 1, 1, -1, 626, 202, 14.0, 45, Nuc54, 65535,
2, 1, 2, 2, -1, 546, 230, 15.0, 63, Nuc149, 65535,
3, 1, 3, 3, -1, 452, 174, 13.0, 65, Nuc177, 65535,
4, 1, 4, 4, -1, 306, 297, 11.0, 37, Nuc240, 65535,
5, 1, 5, 5, -1, 284, 119, 14.0, 69, Nuc329, 65535,
6, 1, 6, 6, -1, 318, 266, 24.0, 53, Nuc390, 65535,
7, 1, 7, 7, -1, 218, 213, 23.0, 53, Nuc408, 65535,
8, 1, 8, 8, -1, 414, 412, 19.0, 55, Nuc510, 65535,
9, 1, 9, 9, -1, 390, 145, 21.0, 67, Nuc561, 65535,
10, 1, 10, 10, -1, 456, 340, 13.0, 57, Nuc620, 65535,
11, 1, 11, 11, -1, 516, 346, 23.0, 53, Nuc669, 65535,
12, 1, 12, 12, -1, 495, 205, 24.0, 51, Nuc714, 65535,
13, 1, 13, 13, -1, 606, 284, 21.0, 49, Nuc731, 65535,
14, 1, 14, 14, -1, 276, 363, 22.0, 53, Nuc779, 65535,
15, 1, 15, 15, -1, 201, 376, 14.0, 55, Nuc797, 65535,
16, 1, 16, 16, -1, 158, 112, 15.0, 55, Nuc836, 65535,
17, 1, 17, 17, -1, 216, 230, 13.0, 51, Nuc853, 65535,
18, 1, 18, 18, -1, 92, 317, 13.0, 37, Nuc892, 65535,
19, 1, 19, 19, -1, 98, 204, 17.0, 53, Nuc956, 65535,
20, 1, 20, 20, -1, 163, 310, 17.0, 49, Nuc973, 65535,
21, 1, 21, 21, -1, 399, 303, 25.0, 53, Nuc1009, 65535,
22, 1, 22, 22, -1, 568, 365, 15.0, 61, Nuc1033, 65535,
23, 1, 23, 23, -1, 330, 376, 13.0, 53, Nuc1066, 65535,
24, 1, 24, 24, -1, 384, 281, 12.0, 53, Nuc1083, 65535,
25, 1, 25, 25, -1, 279, 266, 12.0, 51, Nuc1098, 65535,
26, 1, 26, 26, -1, 653, 303, 15.0, 49, Nuc1113, 65535,
