1, 1, 1, 1, -1, 619, 192, 14.0, 45, Nuc58, 65535,
2, 1, 2, 2, -1, 545, 248, 15.0, 65, Nuc153, 65535,
3, 1, 3, 3, -1, 439, 221, 12.0, 63, Nuc181, 65535,
4, 1, 4, 4, -1, 288, 303, 11.0, 37, Nuc244, 65535,
5, 1, 5, 5, -1, 288, 168, 13.0, 37, Nuc333, 65535,
6, 1, 6, 6, -1, 318, 258, 24.0, 57, Nuc394, 65535,
7, 1, 7, 7, -1, 229, 200, 23.0, 55, Nuc412, 65535,
8, 1, 8, 8, -1, 416, 421, 19.0, 57, Nuc514, 65535,
9, 1, 9, 9, -1, 412, 187, 21.0, 35, Nuc565, 65535,
10, 1, 9, 10, -1, 361, 132, 20.0, 35, Nuc571, 65535,
11, 1, 10, 11, -1, 456, 362, 13.0, 59, Nuc624, 65535,
12, 1, 11, 12, -1, 517, 359, 22.0, 51, Nuc673, 65535,
13, 1, 12, 13, -1, 503, 226, 24.0, 53, Nuc718, 65535,
14, 1, 13, 14, -1, 610, 286, 21.0, 51, Nuc735, 65535,
15, 1, 14, 15, -1, 265, 355, 22.0, 55, Nuc783, 65535,
16, 1, 15, 16, -1, 181, 370, 15.0, 57, Nuc801, 65535,
17, 1, 16, 17, -1, 161, 119, 16.0, 55, Nuc840, 65535,
18, 1, 17, 18, -1, 190, 230, 12.0, 53, Nuc857, 65535,
19, 1, 18, 19, -1, 92, 317, 12.0, 35, Nuc896, 65535,
20, 1, 19, 20, -1, 103, 197, 17.0, 55, Nuc960, 65535,
21, 1, 20, 21, -1, 159, 288, 18.0, 51, Nuc977, 65535,
22, 1, 21, 22, -1, 399, 312, 25.0, 55, Nuc1013, 65535,
23, 1, 22, 23, -1, 585, 379, 15.0, 61, Nuc1037, 65535,
24, 1, 23, 24, -1, 311, 397, 13.0, 55, Nuc1070, 65535,
25, 1, 24, 25, -1, 363, 306, 12.0, 53, Nuc1087, 65535,
26, 1, 25, 26, -1, 260, 278, 12.0, 53, Nuc1102, 65535,
27, 1, 26, 27, -1, 651, 296, 14.0, 51, Nuc1117, 65535,
28, 1, -1, 28, -1, 298, 111, 16.0, 39, Nuc1123, 65535,
