1,  1,  1,  1,  -1,  580, 288,  16.0,  77,  Nuc9,  65535,  0, 0, 0, , 0, 0, 0, 0, 0,
2,  1,  2,  2,  -1,  194, 181,  18.0,  61,  Nuc72,  65535,  0, 0, 0, , 0, 0, 0, 0, 0,
3,  1,  3,  3,  -1,  453, 137,  21.0,  81,  Nuc104,  65535,  0, 0, 0, , 0, 0, 0, 0, 0,
4,  1,  4,  4,  -1,  394, 342,  16.0,  63,  Nuc195,  65535,  0, 0, 0, , 0, 0, 0, 0, 0,
5,  1,  5,  5,  -1,  95, 304,  16.0,  53,  Nuc258,  65535,  0, 0, 0, , 0, 0, 0, 0, 0,
6,  1,  6,  6,  -1,  275, 268,  14.0,  153,  Nuc284,  65535,  0, 0, 0, , 0, 0, 0, 0, 0,
7,  1,  7,  7,  -1,  207, 267,  23.0,  61,  Nuc345,  65535,  0, 0, 0, , 0, 0, 0, 0, 0,
8,  1,  8,  8,  -1,  342, 405,  16.0,  111,  Nuc424,  65535,  0, 0, 0, , 0, 0, 0, 0, 0,
9,  1,  9,  9,  -1,  398, 287,  15.0,  63,  Nuc434,  65535,  0, 0, 0, , 0, 0, 0, 0, 0,
10,  1,  10,  10,  -1,  258, 92,  16.0,  147,  Nuc459,  65535,  0, 0, 0, , 0, 0, 0, 0, 0,
11,  1,  11,  11,  -1,  457, 338,  25.0,  57,  Nuc465,  65535,  0, 0, 0, , 0, 0, 0, 0, 0,
