1,  1,  1,  1,  -1,  595, 266,  17.0,  81,  Nuc14,  65535,  0, 0, 0, , 0, 0, 0, 0, 0,
2,  1,  2,  2,  -1,  166, 175,  19.0,  69,  Nuc77,  65535,  0, 0, 0, , 0, 0, 0, 0, 0,
3,  1,  3,  3,  -1,  493, 168,  19.0,  55,  Nuc109,  65535,  0, 0, 0, , 0, 0, 0, 0, 0,
4,  1,  4,  4,  -1,  365, 356,  14.0,  75,  Nuc200,  65535,  0, 0, 0, , 0, 0, 0, 0, 0,
5,  1,  5,  5,  -1,  95, 307,  15.0,  51,  Nuc263,  65535,  0, 0, 0, , 0, 0, 0, 0, 0,
6,  1,  6,  6,  -1,  221, 287,  14.0,  187,  Nuc289,  65535,  0, 0, 0, , 0, 0, 0, 0, 0,
7,  1,  7,  7,  -1,  238, 310,  25.0,  71,  Nuc350,  65535,  0, 0, 0, , 0, 0, 0, 0, 0,
8,  1,  8,  -1,  -1,  272, 397,  16.0,  75,  Nuc429,  65535,  0, 0, 0, , 0, 0, 0, 0, 0,
9,  1,  9,  8,  -1,  417, 253,  15.0,  51,  Nuc439,  65535,  0, 0, 0, , 0, 0, 0, 0, 0,
10,  1,  11,  9,  -1,  458, 313,  27.0,  69,  Nuc470,  65535,  0, 0, 0, , 0, 0, 0, 0, 0,
11,  1,  12,  10,  -1,  299, 117,  16.0,  181,  Nuc521,  65535,  0, 0, 0, , 0, 0, 0, 0, 0,
12,  1,  13,  11,  -1,  565, 149,  14.0,  71,  Nuc578,  65535,  0, 0, 0, , 0, 0, 0, 0, 0,
