1,  1,  1,  1,  -1,  661, 271,  15.0,  59,  Nuc26,  65535,  0, 0, 0, , 0, 0, 0, 0, 0,
2,  1,  2,  2,  -1,  143, 232,  13.0,  75,  Nuc89,  65535,  0, 0, 0, , 0, 0, 0, 0, 0,
3,  1,  3,  3,  -1,  547, 181,  14.0,  75,  Nuc121,  65535,  0, 0, 0, , 0, 0, 0, 0, 0,
4,  1,  4,  4,  -1,  342, 234,  14.0,  47,  Nuc212,  65535,  0, 0, 0, , 0, 0, 0, 0, 0,
5,  1,  5,  -1,  -1,  206, 243,  13.0,  123,  Nuc275,  65535,  0, 0, 0, , 0, 0, 0, 0, 0,
6,  1,  6,  5,  -1,  253, 87,  14.0,  107,  Nuc301,  65535,  0, 0, 0, , 0, 0, 0, 0, 0,
7,  1,  7,  6,  -1,  331, 245,  24.0,  45,  Nuc362,  65535,  0, 0, 0, , 0, 0, 0, 0, 0,
8,  1,  8,  7,  -1,  397, 290,  13.0,  71,  Nuc451,  65535,  0, 0, 0, , 0, 0, 0, 0, 0,
9,  1,  9,  8,  -1,  335, 325,  23.0,  47,  Nuc482,  65535,  0, 0, 0, , 0, 0, 0, 0, 0,
10,  1,  10,  9,  -1,  392, 114,  18.0,  73,  Nuc533,  65535,  0, 0, 0, , 0, 0, 0, 0, 0,
11,  1,  11,  10,  -1,  491, 377,  14.0,  67,  Nuc592,  65535,  0, 0, 0, , 0, 0, 0, 0, 0,
12,  1,  12,  11,  -1,  492, 280,  25.0,  47,  Nuc641,  65535,  0, 0, 0, , 0, 0, 0, 0, 0,
13,  1,  13,  12,  -1,  519, 236,  21.0,  45,  Nuc686,  65535,  0, 0, 0, , 0, 0, 0, 0, 0,
14,  1,  14,  13,  -1,  320, 375,  13.0,  163,  Nuc744,  65535,  0, 0, 0, , 0, 0, 0, 0, 0,
15,  1,  15,  14,  -1,  197, 378,  15.0,  81,  Nuc751,  65535,  0, 0, 0, , 0, 0, 0, 0, 0,
16,  1,  16,  15,  -1,  212, 137,  17.0,  47,  Nuc808,  65535,  0, 0, 0, , 0, 0, 0, 0, 0,
17,  1,  17,  16,  -1,  93, 312,  14.0,  47,  Nuc864,  65535,  0, 0, 0, , 0, 0, 0, 0, 0,
18,  1,  18,  17,  -1,  289, 294,  13.0,  49,  Nuc903,  65535,  0, 0, 0, , 0, 0, 0, 0, 0,
19,  1,  19,  18,  -1,  166, 182,  20.0,  47,  Nuc928,  65535,  0, 0, 0, , 0, 0, 0, 0, 0,
