1,  1,  1,  1,  -1,  648, 283,  15.0,  59,  Nuc29,  65535,  0, 0, 0, , 0, 0, 0, 0, 0,
2,  1,  2,  2,  -1,  156, 240,  12.0,  75,  Nuc92,  65535,  0, 0, 0, , 0, 0, 0, 0, 0,
3,  1,  3,  3,  -1,  552, 172,  15.0,  77,  Nuc124,  65535,  0, 0, 0, , 0, 0, 0, 0, 0,
4,  1,  4,  4,  -1,  372, 199,  13.0,  37,  Nuc215,  65535,  0, 0, 0, , 0, 0, 0, 0, 0,
5,  1,  5,  5,  -1,  263, 68,  14.0,  85,  Nuc304,  65535,  0, 0, 0, , 0, 0, 0, 0, 0,
6,  1,  6,  6,  -1,  319, 254,  24.0,  51,  Nuc365,  65535,  0, 0, 0, , 0, 0, 0, 0, 0,
7,  1,  7,  7,  -1,  374, 326,  12.0,  75,  Nuc454,  65535,  0, 0, 0, , 0, 0, 0, 0, 0,
8,  1,  8,  8,  -1,  315, 346,  20.0,  51,  Nuc485,  65535,  0, 0, 0, , 0, 0, 0, 0, 0,
9,  1,  9,  9,  -1,  403, 121,  18.0,  77,  Nuc536,  65535,  0, 0, 0, , 0, 0, 0, 0, 0,
10,  1,  10,  10,  -1,  491, 349,  14.0,  69,  Nuc595,  65535,  0, 0, 0, , 0, 0, 0, 0, 0,
11,  1,  11,  11,  -1,  468, 323,  25.0,  53,  Nuc644,  65535,  0, 0, 0, , 0, 0, 0, 0, 0,
12,  1,  12,  12,  -1,  527, 255,  22.0,  55,  Nuc689,  65535,  0, 0, 0, , 0, 0, 0, 0, 0,
13,  1,  13,  -1,  -1,  173, 382,  15.0,  49,  Nuc747,  31601,  0, 0, 0, , 0, 0, 0, 0, 0,
14,  1,  14,  13,  -1,  207, 317,  16.0,  53,  Nuc754,  65535,  0, 0, 0, , 0, 0, 0, 0, 0,
15,  1,  15,  14,  -1,  247, 140,  17.0,  57,  Nuc811,  65535,  0, 0, 0, , 0, 0, 0, 0, 0,
16,  1,  16,  15,  -1,  94, 312,  14.0,  39,  Nuc867,  65535,  0, 0, 0, , 0, 0, 0, 0, 0,
17,  1,  17,  16,  -1,  301, 259,  14.0,  53,  Nuc906,  65535,  0, 0, 0, , 0, 0, 0, 0, 0,
18,  1,  18,  17,  -1,  154, 194,  19.0,  55,  Nuc931,  65535,  0, 0, 0, , 0, 0, 0, 0, 0,
19,  1,  -1,  18,  -1,  395, 268,  12.0,  89,  Nuc983,  65535,  0, 0, 0, , 0, 0, 0, 0, 0,
20,  1,  -1,  19,  -1,  280, 417,  16.0,  79,  Nuc986,  65535,  0, 0, 0, , 0, 0, 0, 0, 0,
