1,  1,  1,  1,  -1,  641, 289,  15.0,  61,  Nuc32,  65535,  0, 0, 0, , 0, 0, 0, 0, 0,
2,  1,  2,  -1,  -1,  120, 234,  12.0,  59,  Nuc95,  27284,  0, 0, 0, , 0, 0, 0, 0, 0,
3,  1,  3,  2,  -1,  549, 199,  15.0,  75,  Nuc127,  65535,  0, 0, 0, , 0, 0, 0, 0, 0,
4,  1,  4,  3,  -1,  371, 211,  11.0,  39,  Nuc218,  65535,  0, 0, 0, , 0, 0, 0, 0, 0,
5,  1,  5,  4,  -1,  401, 70,  14.0,  61,  Nuc307,  16007,  0, 0, 0, , 0, 0, 0, 0, 0,
6,  1,  6,  5,  -1,  300, 244,  25.0,  55,  Nuc368,  65535,  0, 0, 0, , 0, 0, 0, 0, 0,
7,  1,  8,  6,  -1,  279, 353,  20.0,  61,  Nuc488,  65535,  0, 0, 0, , 0, 0, 0, 0, 0,
8,  1,  9,  7,  -1,  400, 142,  19.0,  55,  Nuc539,  65535,  0, 0, 0, , 0, 0, 0, 0, 0,
9,  1,  10,  8,  -1,  478, 358,  13.0,  71,  Nuc598,  65535,  0, 0, 0, , 0, 0, 0, 0, 0,
10,  1,  11,  9,  -1,  445, 367,  24.0,  61,  Nuc647,  65535,  0, 0, 0, , 0, 0, 0, 0, 0,
11,  1,  12,  10,  -1,  542, 272,  23.0,  59,  Nuc692,  65535,  0, 0, 0, , 0, 0, 0, 0, 0,
12,  1,  13,  11,  -1,  155, 318,  16.0,  57,  Nuc757,  65535,  0, 0, 0, , 0, 0, 0, 0, 0,
13,  1,  14,  12,  -1,  277, 134,  15.0,  59,  Nuc814,  65535,  0, 0, 0, , 0, 0, 0, 0, 0,
14,  1,  15,  13,  -1,  93, 313,  13.0,  39,  Nuc870,  65535,  0, 0, 0, , 0, 0, 0, 0, 0,
15,  1,  16,  14,  -1,  315, 255,  13.0,  61,  Nuc909,  65535,  0, 0, 0, , 0, 0, 0, 0, 0,
16,  1,  17,  15,  -1,  134, 171,  18.0,  61,  Nuc934,  65535,  0, 0, 0, , 0, 0, 0, 0, 0,
