1,  1,  1,  1,  -1,  630, 347,  16.0,  59,  Nuc40,  65535,  0, 0, 0, , 0, 0, 0, 0, 0,
2,  1,  2,  2,  -1,  597, 264,  15.0,  57,  Nuc135,  65535,  0, 0, 0, , 0, 0, 0, 0, 0,
3,  1,  3,  3,  -1,  507, 165,  15.0,  53,  Nuc163,  65535,  0, 0, 0, , 0, 0, 0, 0, 0,
4,  1,  4,  4,  -1,  377, 191,  11.0,  43,  Nuc226,  65535,  0, 0, 0, , 0, 0, 0, 0, 0,
5,  1,  5,  5,  -1,  290, 109,  16.0,  57,  Nuc315,  65535,  0, 0, 0, , 0, 0, 0, 0, 0,
6,  1,  6,  6,  -1,  269, 213,  24.0,  65,  Nuc376,  65535,  0, 0, 0, , 0, 0, 0, 0, 0,
7,  1,  7,  7,  -1,  308, 392,  18.0,  69,  Nuc496,  65535,  0, 0, 0, , 0, 0, 0, 0, 0,
8,  1,  8,  8,  -1,  443, 181,  22.0,  55,  Nuc547,  65535,  0, 0, 0, , 0, 0, 0, 0, 0,
9,  1,  9,  9,  -1,  430, 323,  15.0,  43,  Nuc606,  65535,  0, 0, 0, , 0, 0, 0, 0, 0,
10,  1,  10,  10,  -1,  423, 347,  25.0,  67,  Nuc655,  65535,  0, 0, 0, , 0, 0, 0, 0, 0,
11,  1,  11,  11,  -1,  550, 264,  24.0,  65,  Nuc700,  65535,  0, 0, 0, , 0, 0, 0, 0, 0,
12,  1,  12,  12,  -1,  201, 358,  14.0,  67,  Nuc765,  65535,  0, 0, 0, , 0, 0, 0, 0, 0,
13,  1,  13,  13,  -1,  196, 129,  16.0,  67,  Nuc822,  65535,  0, 0, 0, , 0, 0, 0, 0, 0,
14,  1,  14,  14,  -1,  93, 315,  13.0,  41,  Nuc878,  65535,  0, 0, 0, , 0, 0, 0, 0, 0,
15,  1,  15,  15,  -1,  338, 227,  13.0,  65,  Nuc917,  65535,  0, 0, 0, , 0, 0, 0, 0, 0,
16,  1,  16,  16,  -1,  118, 242,  17.0,  67,  Nuc942,  65535,  0, 0, 0, , 0, 0, 0, 0, 0,
17,  1,  17,  17,  -1,  361, 334,  11.0,  69,  Nuc995,  35112,  0, 0, 0, , 0, 0, 0, 0, 0,
18,  1,  -1,  18,  -1,  495, 343,  16.0,  41,  Nuc1019,  65535,  0, 0, 0, , 0, 0, 0, 0, 0,
