1,  1,  1,  1,  -1,  633, 342,  16.0,  61,  Nuc42,  65535,  0, 0, 0, , 0, 0, 0, 0, 0,
2,  1,  2,  2,  -1,  595, 264,  14.0,  55,  Nuc137,  65535,  0, 0, 0, , 0, 0, 0, 0, 0,
3,  1,  3,  3,  -1,  493, 150,  15.0,  57,  Nuc165,  65535,  0, 0, 0, , 0, 0, 0, 0, 0,
4,  1,  4,  4,  -1,  350, 172,  11.0,  43,  Nuc228,  65535,  0, 0, 0, , 0, 0, 0, 0, 0,
5,  1,  5,  5,  -1,  305, 111,  16.0,  59,  Nuc317,  65535,  0, 0, 0, , 0, 0, 0, 0, 0,
6,  1,  6,  6,  -1,  285, 222,  24.0,  67,  Nuc378,  65535,  0, 0, 0, , 0, 0, 0, 0, 0,
7,  1,  7,  7,  -1,  305, 390,  20.0,  73,  Nuc498,  65535,  0, 0, 0, , 0, 0, 0, 0, 0,
8,  1,  8,  8,  -1,  448, 171,  22.0,  57,  Nuc549,  65535,  0, 0, 0, , 0, 0, 0, 0, 0,
9,  1,  9,  9,  -1,  423, 326,  14.0,  47,  Nuc608,  65535,  0, 0, 0, , 0, 0, 0, 0, 0,
10,  1,  10,  10,  -1,  434, 340,  24.0,  69,  Nuc657,  65535,  0, 0, 0, , 0, 0, 0, 0, 0,
11,  1,  11,  11,  -1,  550, 258,  23.0,  65,  Nuc702,  65535,  0, 0, 0, , 0, 0, 0, 0, 0,
12,  1,  12,  12,  -1,  203, 350,  13.0,  69,  Nuc767,  65535,  0, 0, 0, , 0, 0, 0, 0, 0,
13,  1,  13,  13,  -1,  195, 133,  15.0,  69,  Nuc824,  65535,  0, 0, 0, , 0, 0, 0, 0, 0,
14,  1,  14,  14,  -1,  93, 315,  13.0,  39,  Nuc880,  65535,  0, 0, 0, , 0, 0, 0, 0, 0,
15,  1,  15,  15,  -1,  328, 221,  12.0,  73,  Nuc919,  65535,  0, 0, 0, , 0, 0, 0, 0, 0,
16,  1,  16,  16,  -1,  134, 237,  17.0,  67,  Nuc944,  65535,  0, 0, 0, , 0, 0, 0, 0, 0,
17,  1,  17,  17,  -1,  370, 376,  11.0,  69,  Nuc997,  65535,  0, 0, 0, , 0, 0, 0, 0, 0,
18,  1,  18,  18,  -1,  509, 344,  16.0,  45,  Nuc1021,  65535,  0, 0, 0, , 0, 0, 0, 0, 0,
19,  1,  19,  19,  -1,  343, 319,  11.0,  77,  Nuc1044,  65535,  0, 0, 0, , 0, 0, 0, 0, 0,
