1,  1,  1,  1,  -1,  633, 242,  14.0,  33,  Nuc50,  65535,  0, 0, 0, , 0, 0, 0, 0, 0,
2,  1,  2,  2,  -1,  560, 210,  14.0,  63,  Nuc145,  65535,  0, 0, 0, , 0, 0, 0, 0, 0,
3,  1,  3,  3,  -1,  462, 161,  14.0,  67,  Nuc173,  65535,  0, 0, 0, , 0, 0, 0, 0, 0,
4,  1,  4,  4,  -1,  307, 287,  10.0,  31,  Nuc236,  65535,  0, 0, 0, , 0, 0, 0, 0, 0,
5,  1,  5,  5,  -1,  300, 113,  15.0,  69,  Nuc325,  65535,  0, 0, 0, , 0, 0, 0, 0, 0,
6,  1,  6,  6,  -1,  313, 253,  22.0,  47,  Nuc386,  65535,  0, 0, 0, , 0, 0, 0, 0, 0,
7,  1,  7,  7,  -1,  237, 198,  23.0,  47,  Nuc404,  65535,  0, 0, 0, , 0, 0, 0, 0, 0,
8,  1,  8,  8,  -1,  395, 379,  19.0,  49,  Nuc506,  65535,  0, 0, 0, , 0, 0, 0, 0, 0,
9,  1,  9,  9,  -1,  405, 137,  20.0,  69,  Nuc557,  65535,  0, 0, 0, , 0, 0, 0, 0, 0,
10,  1,  10,  10,  -1,  455, 341,  13.0,  59,  Nuc616,  65535,  0, 0, 0, , 0, 0, 0, 0, 0,
11,  1,  11,  11,  -1,  503, 326,  21.0,  49,  Nuc665,  65535,  0, 0, 0, , 0, 0, 0, 0, 0,
12,  1,  12,  12,  -1,  508, 208,  24.0,  47,  Nuc710,  65535,  0, 0, 0, , 0, 0, 0, 0, 0,
13,  1,  13,  13,  -1,  590, 259,  21.0,  49,  Nuc727,  65535,  0, 0, 0, , 0, 0, 0, 0, 0,
14,  1,  14,  14,  -1,  287, 359,  23.0,  45,  Nuc775,  65535,  0, 0, 0, , 0, 0, 0, 0, 0,
15,  1,  15,  15,  -1,  212, 373,  15.0,  53,  Nuc793,  65535,  0, 0, 0, , 0, 0, 0, 0, 0,
16,  1,  16,  16,  -1,  172, 116,  15.0,  45,  Nuc832,  65535,  0, 0, 0, , 0, 0, 0, 0, 0,
17,  1,  17,  17,  -1,  209, 198,  13.0,  45,  Nuc849,  65535,  0, 0, 0, , 0, 0, 0, 0, 0,
18,  1,  18,  18,  -1,  92, 316,  13.0,  33,  Nuc888,  65535,  0, 0, 0, , 0, 0, 0, 0, 0,
19,  1,  20,  19,  -1,  112, 224,  17.0,  43,  Nuc952,  65535,  0, 0, 0, , 0, 0, 0, 0, 0,
20,  1,  21,  20,  -1,  158, 289,  17.0,  45,  Nuc969,  65535,  0, 0, 0, , 0, 0, 0, 0, 0,
21,  1,  22,  21,  -1,  413, 304,  25.0,  49,  Nuc1005,  65535,  0, 0, 0, , 0, 0, 0, 0, 0,
22,  1,  23,  22,  -1,  550, 358,  14.0,  59,  Nuc1029,  65535,  0, 0, 0, , 0, 0, 0, 0, 0,
23,  1,  24,  -1,  -1,  582, 162,  9.0,  27,  Nuc1054,  13172,  0, 0, 0, , 0, 0, 0, 0, 0,
24,  1,  26,  23,  -1,  304, 368,  14.0,  51,  Nuc1062,  65535,  0, 0, 0, , 0, 0, 0, 0, 0,
25,  1,  27,  24,  -1,  372, 266,  12.0,  51,  Nuc1079,  65535,  0, 0, 0, , 0, 0, 0, 0, 0,
26,  1,  28,  25,  -1,  296, 251,  11.0,  43,  Nuc1094,  65535,  0, 0, 0, , 0, 0, 0, 0, 0,
27,  1,  29,  26,  -1,  641, 327,  15.0,  31,  Nuc1109,  65535,  0, 0, 0, , 0, 0, 0, 0, 0,
