1,  1,  1,  1,  -1,  631, 202,  14.0,  47,  Nuc56,  65535,  0, 0, 0, , 0, 0, 0, 0, 0,
2,  1,  2,  2,  -1,  553, 239,  14.0,  61,  Nuc151,  65535,  0, 0, 0, , 0, 0, 0, 0, 0,
3,  1,  3,  3,  -1,  449, 194,  13.0,  65,  Nuc179,  65535,  0, 0, 0, , 0, 0, 0, 0, 0,
4,  1,  4,  4,  -1,  301, 289,  11.0,  35,  Nuc242,  65535,  0, 0, 0, , 0, 0, 0, 0, 0,
5,  1,  5,  5,  -1,  291, 127,  14.0,  65,  Nuc331,  65535,  0, 0, 0, , 0, 0, 0, 0, 0,
6,  1,  6,  6,  -1,  315, 272,  24.0,  53,  Nuc392,  65535,  0, 0, 0, , 0, 0, 0, 0, 0,
7,  1,  7,  7,  -1,  214, 216,  23.0,  55,  Nuc410,  65535,  0, 0, 0, , 0, 0, 0, 0, 0,
8,  1,  8,  8,  -1,  421, 417,  19.0,  55,  Nuc512,  65535,  0, 0, 0, , 0, 0, 0, 0, 0,
9,  1,  9,  9,  -1,  391, 158,  20.0,  51,  Nuc563,  65535,  0, 0, 0, , 0, 0, 0, 0, 0,
10,  1,  10,  10,  -1,  458, 345,  13.0,  57,  Nuc622,  65535,  0, 0, 0, , 0, 0, 0, 0, 0,
11,  1,  11,  11,  -1,  510, 344,  23.0,  51,  Nuc671,  65535,  0, 0, 0, , 0, 0, 0, 0, 0,
12,  1,  12,  12,  -1,  498, 213,  24.0,  51,  Nuc716,  65535,  0, 0, 0, , 0, 0, 0, 0, 0,
13,  1,  13,  13,  -1,  610, 292,  22.0,  51,  Nuc733,  65535,  0, 0, 0, , 0, 0, 0, 0, 0,
14,  1,  14,  14,  -1,  270, 364,  22.0,  55,  Nuc781,  65535,  0, 0, 0, , 0, 0, 0, 0, 0,
15,  1,  15,  15,  -1,  190, 374,  14.0,  55,  Nuc799,  65535,  0, 0, 0, , 0, 0, 0, 0, 0,
16,  1,  16,  16,  -1,  160, 120,  16.0,  53,  Nuc838,  65535,  0, 0, 0, , 0, 0, 0, 0, 0,
17,  1,  17,  17,  -1,  201, 227,  12.0,  51,  Nuc855,  65535,  0, 0, 0, , 0, 0, 0, 0, 0,
18,  1,  18,  18,  -1,  92, 317,  12.0,  35,  Nuc894,  65535,  0, 0, 0, , 0, 0, 0, 0, 0,
19,  1,  19,  19,  -1,  99, 200,  17.0,  53,  Nuc958,  65535,  0, 0, 0, , 0, 0, 0, 0, 0,
20,  1,  20,  20,  -1,  159, 301,  18.0,  51,  Nuc975,  65535,  0, 0, 0, , 0, 0, 0, 0, 0,
21,  1,  21,  21,  -1,  401, 313,  24.0,  53,  Nuc1011,  65535,  0, 0, 0, , 0, 0, 0, 0, 0,
22,  1,  22,  22,  -1,  570, 378,  15.0,  61,  Nuc1035,  65535,  0, 0, 0, , 0, 0, 0, 0, 0,
23,  1,  23,  23,  -1,  321, 385,  12.0,  53,  Nuc1068,  65535,  0, 0, 0, , 0, 0, 0, 0, 0,
24,  1,  24,  24,  -1,  375, 289,  12.0,  53,  Nuc1085,  65535,  0, 0, 0, , 0, 0, 0, 0, 0,
25,  1,  25,  25,  -1,  268, 269,  12.0,  51,  Nuc1100,  65535,  0, 0, 0, , 0, 0, 0, 0, 0,
26,  1,  26,  26,  -1,  655, 311,  14.0,  51,  Nuc1115,  65535,  0, 0, 0, , 0, 0, 0, 0, 0,
