1,  1,  1,  1,  -1,  624, 195,  14.0,  45,  Nuc57,  65535,  0, 0, 0, , 0, 0, 0, 0, 0,
2,  1,  2,  2,  -1,  549, 245,  15.0,  63,  Nuc152,  65535,  0, 0, 0, , 0, 0, 0, 0, 0,
3,  1,  3,  3,  -1,  448, 202,  13.0,  63,  Nuc180,  65535,  0, 0, 0, , 0, 0, 0, 0, 0,
4,  1,  4,  4,  -1,  296, 291,  11.0,  37,  Nuc243,  65535,  0, 0, 0, , 0, 0, 0, 0, 0,
5,  1,  5,  5,  -1,  294, 135,  15.0,  43,  Nuc332,  65535,  0, 0, 0, , 0, 0, 0, 0, 0,
6,  1,  6,  6,  -1,  312, 273,  24.0,  55,  Nuc393,  65535,  0, 0, 0, , 0, 0, 0, 0, 0,
7,  1,  7,  7,  -1,  216, 212,  23.0,  55,  Nuc411,  65535,  0, 0, 0, , 0, 0, 0, 0, 0,
8,  1,  8,  8,  -1,  416, 416,  19.0,  55,  Nuc513,  65535,  0, 0, 0, , 0, 0, 0, 0, 0,
9,  1,  9,  9,  10,  389, 153,  19.0,  43,  Nuc564,  65535,  0, 0, 0, , 0, 0, 0, 0, 0,
10,  1,  10,  11,  -1,  455, 351,  13.0,  59,  Nuc623,  65535,  0, 0, 0, , 0, 0, 0, 0, 0,
11,  1,  11,  12,  -1,  510, 355,  23.0,  53,  Nuc672,  65535,  0, 0, 0, , 0, 0, 0, 0, 0,
12,  1,  12,  13,  -1,  493, 224,  24.0,  51,  Nuc717,  65535,  0, 0, 0, , 0, 0, 0, 0, 0,
13,  1,  13,  14,  -1,  605, 289,  22.0,  53,  Nuc734,  65535,  0, 0, 0, , 0, 0, 0, 0, 0,
14,  1,  14,  15,  -1,  268, 361,  22.0,  55,  Nuc782,  65535,  0, 0, 0, , 0, 0, 0, 0, 0,
15,  1,  15,  16,  -1,  185, 369,  14.0,  55,  Nuc800,  65535,  0, 0, 0, , 0, 0, 0, 0, 0,
16,  1,  16,  17,  -1,  162, 121,  16.0,  55,  Nuc839,  65535,  0, 0, 0, , 0, 0, 0, 0, 0,
17,  1,  17,  18,  -1,  203, 226,  12.0,  51,  Nuc856,  65535,  0, 0, 0, , 0, 0, 0, 0, 0,
18,  1,  18,  19,  -1,  92, 317,  12.0,  35,  Nuc895,  65535,  0, 0, 0, , 0, 0, 0, 0, 0,
19,  1,  19,  20,  -1,  100, 199,  17.0,  55,  Nuc959,  65535,  0, 0, 0, , 0, 0, 0, 0, 0,
20,  1,  20,  21,  -1,  154, 297,  18.0,  53,  Nuc976,  65535,  0, 0, 0, , 0, 0, 0, 0, 0,
21,  1,  21,  22,  -1,  399, 311,  24.0,  55,  Nuc1012,  65535,  0, 0, 0, , 0, 0, 0, 0, 0,
22,  1,  22,  23,  -1,  581, 377,  15.0,  59,  Nuc1036,  65535,  0, 0, 0, , 0, 0, 0, 0, 0,
23,  1,  23,  24,  -1,  314, 386,  12.0,  53,  Nuc1069,  65535,  0, 0, 0, , 0, 0, 0, 0, 0,
24,  1,  24,  25,  -1,  370, 297,  12.0,  53,  Nuc1086,  65535,  0, 0, 0, , 0, 0, 0, 0, 0,
25,  1,  25,  26,  -1,  267, 271,  12.0,  53,  Nuc1101,  65535,  0, 0, 0, , 0, 0, 0, 0, 0,
26,  1,  26,  27,  -1,  654, 304,  14.0,  51,  Nuc1116,  65535,  0, 0, 0, , 0, 0, 0, 0, 0,
