1,  1,  1,  1,  -1,  614, 184,  14.0,  45,  Nuc59,  65535,  0, 0, 0, , 0, 0, 0, 0, 0,
2,  1,  2,  2,  -1,  548, 246,  15.0,  63,  Nuc154,  65535,  0, 0, 0, , 0, 0, 0, 0, 0,
3,  1,  3,  3,  -1,  435, 218,  13.0,  67,  Nuc182,  65535,  0, 0, 0, , 0, 0, 0, 0, 0,
4,  1,  4,  4,  -1,  286, 315,  12.0,  37,  Nuc245,  65535,  0, 0, 0, , 0, 0, 0, 0, 0,
5,  1,  5,  5,  -1,  293, 187,  14.0,  43,  Nuc334,  65535,  0, 0, 0, , 0, 0, 0, 0, 0,
6,  1,  6,  6,  -1,  321, 243,  24.0,  53,  Nuc395,  65535,  0, 0, 0, , 0, 0, 0, 0, 0,
7,  1,  7,  7,  -1,  236, 195,  23.0,  55,  Nuc413,  65535,  0, 0, 0, , 0, 0, 0, 0, 0,
8,  1,  8,  8,  -1,  418, 421,  19.0,  57,  Nuc515,  65535,  0, 0, 0, , 0, 0, 0, 0, 0,
9,  1,  9,  9,  -1,  430, 185,  21.0,  37,  Nuc566,  65535,  0, 0, 0, , 0, 0, 0, 0, 0,
10,  1,  10,  10,  -1,  367, 127,  19.0,  39,  Nuc572,  65535,  0, 0, 0, , 0, 0, 0, 0, 0,
11,  1,  11,  11,  -1,  458, 360,  12.0,  59,  Nuc625,  65535,  0, 0, 0, , 0, 0, 0, 0, 0,
12,  1,  12,  12,  -1,  520, 364,  23.0,  53,  Nuc674,  65535,  0, 0, 0, , 0, 0, 0, 0, 0,
13,  1,  13,  13,  -1,  512, 230,  24.0,  53,  Nuc719,  65535,  0, 0, 0, , 0, 0, 0, 0, 0,
14,  1,  14,  14,  -1,  612, 286,  21.0,  53,  Nuc736,  65535,  0, 0, 0, , 0, 0, 0, 0, 0,
15,  1,  15,  15,  -1,  268, 354,  22.0,  57,  Nuc784,  65535,  0, 0, 0, , 0, 0, 0, 0, 0,
16,  1,  16,  16,  -1,  185, 374,  15.0,  57,  Nuc802,  65535,  0, 0, 0, , 0, 0, 0, 0, 0,
17,  1,  17,  17,  -1,  158, 120,  14.0,  55,  Nuc841,  65535,  0, 0, 0, , 0, 0, 0, 0, 0,
18,  1,  18,  18,  -1,  178, 241,  12.0,  55,  Nuc858,  65535,  0, 0, 0, , 0, 0, 0, 0, 0,
19,  1,  19,  19,  -1,  92, 318,  12.0,  35,  Nuc897,  65535,  0, 0, 0, , 0, 0, 0, 0, 0,
20,  1,  20,  20,  -1,  105, 190,  18.0,  55,  Nuc961,  65535,  0, 0, 0, , 0, 0, 0, 0, 0,
21,  1,  21,  21,  -1,  155, 296,  19.0,  51,  Nuc978,  65535,  0, 0, 0, , 0, 0, 0, 0, 0,
22,  1,  22,  22,  -1,  397, 313,  24.0,  53,  Nuc1014,  65535,  0, 0, 0, , 0, 0, 0, 0, 0,
23,  1,  23,  23,  -1,  588, 377,  15.0,  61,  Nuc1038,  65535,  0, 0, 0, , 0, 0, 0, 0, 0,
24,  1,  24,  24,  -1,  308, 398,  13.0,  57,  Nuc1071,  65535,  0, 0, 0, , 0, 0, 0, 0, 0,
25,  1,  25,  25,  -1,  359, 313,  11.0,  51,  Nuc1088,  65535,  0, 0, 0, , 0, 0, 0, 0, 0,
26,  1,  26,  26,  -1,  257, 287,  12.0,  53,  Nuc1103,  65535,  0, 0, 0, , 0, 0, 0, 0, 0,
27,  1,  27,  27,  -1,  651, 292,  14.0,  51,  Nuc1118,  65535,  0, 0, 0, , 0, 0, 0, 0, 0,
28,  1,  28,  28,  -1,  293, 109,  14.0,  43,  Nuc1124,  65535,  0, 0, 0, , 0, 0, 0, 0, 0,
