1,  1,  1,  -1,  -1,  583, 165,  13.0,  49,  Nuc63,  65535,  0, 0, 0, , 0, 0, 0, 0, 0,
2,  1,  2,  -1,  -1,  536, 242,  14.0,  65,  Nuc158,  65535,  0, 0, 0, , 0, 0, 0, 0, 0,
3,  1,  3,  -1,  -1,  419, 212,  15.0,  69,  Nuc186,  65535,  0, 0, 0, , 0, 0, 0, 0, 0,
4,  1,  4,  -1,  -1,  285, 322,  11.0,  39,  Nuc249,  65535,  0, 0, 0, , 0, 0, 0, 0, 0,
5,  1,  5,  -1,  -1,  283, 203,  12.0,  51,  Nuc338,  65535,  0, 0, 0, , 0, 0, 0, 0, 0,
6,  1,  6,  -1,  -1,  331, 233,  24.0,  57,  Nuc399,  65535,  0, 0, 0, , 0, 0, 0, 0, 0,
7,  1,  7,  -1,  -1,  240, 190,  23.0,  55,  Nuc417,  65535,  0, 0, 0, , 0, 0, 0, 0, 0,
8,  1,  8,  -1,  -1,  416, 418,  20.0,  59,  Nuc519,  65535,  0, 0, 0, , 0, 0, 0, 0, 0,
9,  1,  9,  -1,  -1,  461, 175,  23.0,  51,  Nuc570,  65535,  0, 0, 0, , 0, 0, 0, 0, 0,
10,  1,  10,  -1,  -1,  342, 101,  18.0,  53,  Nuc576,  65535,  0, 0, 0, , 0, 0, 0, 0, 0,
11,  1,  11,  -1,  -1,  446, 347,  13.0,  61,  Nuc629,  65535,  0, 0, 0, , 0, 0, 0, 0, 0,
12,  1,  12,  -1,  -1,  518, 380,  23.0,  55,  Nuc678,  65535,  0, 0, 0, , 0, 0, 0, 0, 0,
13,  1,  13,  -1,  -1,  520, 226,  23.0,  51,  Nuc723,  65535,  0, 0, 0, , 0, 0, 0, 0, 0,
14,  1,  14,  -1,  -1,  278, 345,  23.0,  59,  Nuc788,  65535,  0, 0, 0, , 0, 0, 0, 0, 0,
15,  1,  15,  -1,  -1,  198, 376,  15.0,  57,  Nuc806,  65535,  0, 0, 0, , 0, 0, 0, 0, 0,
16,  1,  16,  -1,  -1,  149, 132,  14.0,  59,  Nuc845,  65535,  0, 0, 0, , 0, 0, 0, 0, 0,
17,  1,  17,  -1,  -1,  179, 249,  12.0,  55,  Nuc862,  65535,  0, 0, 0, , 0, 0, 0, 0, 0,
18,  1,  18,  -1,  -1,  92, 318,  12.0,  37,  Nuc901,  65535,  0, 0, 0, , 0, 0, 0, 0, 0,
19,  1,  19,  -1,  -1,  100, 224,  17.0,  55,  Nuc965,  65535,  0, 0, 0, , 0, 0, 0, 0, 0,
20,  1,  20,  -1,  -1,  162, 297,  19.0,  53,  Nuc982,  65535,  0, 0, 0, , 0, 0, 0, 0, 0,
21,  1,  21,  -1,  -1,  411, 310,  24.0,  55,  Nuc1018,  65535,  0, 0, 0, , 0, 0, 0, 0, 0,
22,  1,  22,  -1,  -1,  575, 365,  15.0,  65,  Nuc1042,  65535,  0, 0, 0, , 0, 0, 0, 0, 0,
23,  1,  23,  -1,  -1,  312, 402,  13.0,  57,  Nuc1075,  65535,  0, 0, 0, , 0, 0, 0, 0, 0,
24,  1,  24,  -1,  -1,  352, 301,  11.0,  53,  Nuc1092,  65535,  0, 0, 0, , 0, 0, 0, 0, 0,
25,  1,  25,  -1,  -1,  266, 288,  12.0,  55,  Nuc1107,  65535,  0, 0, 0, , 0, 0, 0, 0, 0,
26,  1,  26,  -1,  -1,  631, 270,  18.0,  53,  Nuc1122,  65535,  0, 0, 0, , 0, 0, 0, 0, 0,
27,  1,  27,  -1,  -1,  259, 82,  13.0,  51,  Nuc1128,  65535,  0, 0, 0, , 0, 0, 0, 0, 0,
